Region ID,Adjacent Region ID,Similarity
1,2,0.28791388869285583
1,3,0.29092860221862793
2,1,0.28791388869285583
2,4,0.23665586113929749
3,1,0.29092860221862793
3,4,0.23029059171676636
4,2,0.23665586113929749
4,3,0.23029059171676636
5,6,0.21057990193367004
5,7,0.24521496891975403
6,5,0.21057990193367004
6,8,0.15165817737579346
7,5,0.24521496891975403
7,8,0.18193335831165314
8,6,0.15165817737579346
8,7,0.18193335831165314
9,10,0.23288148641586304
9,11,0.21863822638988495
10,9,0.23288148641586304
10,12,0.23959079384803772
11,9,0.21863822638988495
11,12,0.18969309329986572
12,10,0.23959079384803772
12,11,0.18969309329986572
13,14,0.24338659644126892
13,15,0.24910405278205872
14,13,0.24338659644126892
14,16,0.16640302538871765
15,13,0.24910405278205872
15,16,0.1762118637561798
16,14,0.16640302538871765
16,15,0.1762118637561798
17,18,0.2545722424983978
17,19,0.20830291509628296
18,17,0.2545722424983978
18,20,0.23084968328475952
19,17,0.20830291509628296
19,20,0.16698643565177917
20,18,0.23084968328475952
20,19,0.16698643565177917
21,22,0.2272621989250183
21,23,0.22092317044734955
22,21,0.2272621989250183
22,24,0.16947144269943237
23,21,0.22092317044734955
23,24,0.10424436628818512
24,22,0.16947144269943237
24,23,0.10424436628818512
25,26,0.12109488248825073
25,27,0.28107520937919617
26,25,0.12109488248825073
26,28,0.22128324210643768
27,25,0.28107520937919617
27,28,0.2687493860721588
28,26,0.22128324210643768
28,27,0.2687493860721588
29,30,0.2862379848957062
29,31,0.2239675521850586
30,29,0.2862379848957062
30,32,0.16102874279022217
31,29,0.2239675521850586
31,32,0.25102850794792175
32,30,0.16102874279022217
32,31,0.25102850794792175
33,34,0.21687950193881989
33,35,0.18573656678199768
34,33,0.21687950193881989
34,36,0.19728794693946838
35,33,0.18573656678199768
35,36,0.17813070118427277
36,34,0.19728794693946838
36,35,0.17813070118427277
37,38,0.27260535955429077
37,39,0.22406615316867828
38,37,0.27260535955429077
38,40,0.302342027425766
39,37,0.22406615316867828
39,40,0.2067805379629135
40,38,0.302342027425766
40,39,0.2067805379629135
41,42,0.19369928538799286
41,43,0.19029703736305237
42,41,0.19369928538799286
42,44,0.1273975670337677
43,41,0.19029703736305237
43,44,0.19148223102092743
44,42,0.1273975670337677
44,43,0.19148223102092743
45,46,0.18912675976753235
45,47,0.25403308868408203
46,45,0.18912675976753235
46,48,0.227681502699852
47,45,0.25403308868408203
47,48,0.13828420639038086
48,46,0.227681502699852
48,47,0.13828420639038086
49,50,0.22187121212482452
49,51,0.24100950360298157
50,49,0.22187121212482452
50,52,0.267767995595932
51,49,0.24100950360298157
51,52,0.20703290402889252
52,50,0.267767995595932
52,51,0.20703290402889252
53,54,0.2088431417942047
53,55,0.21794834733009338
54,53,0.2088431417942047
54,56,0.2419579178094864
55,53,0.21794834733009338
55,56,0.15281125903129578
56,54,0.2419579178094864
56,55,0.15281125903129578
57,58,0.1808958351612091
57,59,0.17247173190116882
58,57,0.1808958351612091
58,60,0.32174381613731384
59,57,0.17247173190116882
59,60,0.2415856122970581
60,58,0.32174381613731384
60,59,0.2415856122970581
61,62,0.24179349839687347
61,63,0.4119642972946167
62,61,0.24179349839687347
62,64,0.24119150638580322
63,61,0.4119642972946167
63,64,0.4047342836856842
64,62,0.24119150638580322
64,63,0.4047342836856842
65,66,0.33595216274261475
65,68,0.157609224319458
66,65,0.33595216274261475
66,69,0.28748399019241333
67,69,0.7782003283500671
68,65,0.157609224319458
68,69,0.1154956966638565
69,66,0.28748399019241333
69,67,0.7782003283500671
69,68,0.1154956966638565
70,71,0.27813804149627686
70,72,0.16340325772762299
71,70,0.27813804149627686
71,73,0.19734053313732147
72,70,0.16340325772762299
72,73,0.24144385755062103
73,71,0.19734053313732147
73,72,0.24144385755062103
74,75,0.15747854113578796
74,76,0.22592346370220184
75,74,0.15747854113578796
75,77,0.29562991857528687
76,74,0.22592346370220184
76,77,0.28501811623573303
77,75,0.29562991857528687
77,76,0.28501811623573303
78,79,0.22828805446624756
78,80,0.2410946488380432
79,78,0.22828805446624756
79,81,0.18011322617530823
80,78,0.2410946488380432
80,81,0.20080482959747314
81,79,0.18011322617530823
81,80,0.20080482959747314
82,83,0.23463036119937897
82,84,0.2855272889137268
83,82,0.23463036119937897
83,85,0.23346339166164398
84,82,0.2855272889137268
84,85,0.2548219561576843
85,83,0.23346339166164398
85,84,0.2548219561576843
86,87,0.28911107778549194
86,88,0.1444510817527771
87,86,0.28911107778549194
87,89,0.31367337703704834
88,86,0.1444510817527771
88,89,0.19396039843559265
89,87,0.31367337703704834
89,88,0.19396039843559265
90,91,0.20451921224594116
90,92,0.2504728436470032
91,90,0.20451921224594116
91,93,0.20320555567741394
92,90,0.2504728436470032
92,93,0.17513306438922882
93,91,0.20320555567741394
93,92,0.17513306438922882
94,95,0.30789560079574585
94,96,0.16282518208026886
95,94,0.30789560079574585
95,97,0.4104864299297333
96,94,0.16282518208026886
96,97,0.2653123438358307
97,95,0.4104864299297333
97,96,0.2653123438358307
98,99,0.41139113903045654
98,101,0.26162809133529663
99,98,0.41139113903045654
99,102,0.331306517124176
100,102,0.7719942927360535
101,98,0.26162809133529663
101,102,0.34085363149642944
102,99,0.331306517124176
102,100,0.7719942927360535
102,101,0.34085363149642944
103,104,0.2288697510957718
103,105,0.3208807706832886
104,103,0.2288697510957718
104,106,0.19001761078834534
105,103,0.3208807706832886
105,106,0.3316422402858734
106,104,0.19001761078834534
106,105,0.3316422402858734
107,108,0.1987299919128418
107,109,0.20692700147628784
108,107,0.1987299919128418
108,110,0.15602073073387146
109,107,0.20692700147628784
109,110,0.22149308025836945
110,108,0.15602073073387146
110,109,0.22149308025836945
111,112,0.15366387367248535
111,113,0.1383306235074997
112,111,0.15366387367248535
112,114,0.12337848544120789
113,111,0.1383306235074997
113,114,0.13382844626903534
114,112,0.12337848544120789
114,113,0.13382844626903534
115,116,0.17247077822685242
115,117,0.28652164340019226
116,115,0.17247077822685242
116,118,0.4817637503147125
116,119,0.3377615213394165
117,115,0.28652164340019226
117,119,0.20083968341350555
118,116,0.4817637503147125
119,116,0.3377615213394165
119,117,0.20083968341350555
120,121,0.15472525358200073
120,122,0.15084905922412872
121,120,0.15472525358200073
121,123,0.2031307965517044
122,120,0.15084905922412872
122,123,0.1788157820701599
123,121,0.2031307965517044
123,122,0.1788157820701599
124,125,0.17773304879665375
124,126,0.23009073734283447
125,124,0.17773304879665375
125,127,0.2546117603778839
126,124,0.23009073734283447
126,127,0.20106150209903717
127,125,0.2546117603778839
127,126,0.20106150209903717
128,129,0.1921297013759613
128,130,0.20621515810489655
129,128,0.1921297013759613
129,131,0.2336215227842331
130,128,0.20621515810489655
130,131,0.20988720655441284
131,129,0.2336215227842331
131,130,0.20988720655441284
132,133,0.15922613441944122
132,134,0.26040589809417725
133,132,0.15922613441944122
133,135,0.22781553864479065
134,132,0.26040589809417725
134,135,0.322472482919693
135,133,0.22781553864479065
135,134,0.322472482919693
136,137,0.22393961250782013
136,138,0.16845235228538513
137,136,0.22393961250782013
137,139,0.25309276580810547
138,136,0.16845235228538513
138,139,0.13231070339679718
139,137,0.25309276580810547
139,138,0.13231070339679718
140,141,0.21874530613422394
140,142,0.2193319946527481
141,140,0.21874530613422394
141,143,0.2342805117368698
142,140,0.2193319946527481
142,143,0.17062628269195557
143,141,0.2342805117368698
143,142,0.17062628269195557
144,145,0.20770889520645142
144,146,0.24108870327472687
145,144,0.20770889520645142
145,147,0.13046757876873016
146,144,0.24108870327472687
146,147,0.20690089464187622
147,145,0.13046757876873016
147,146,0.20690089464187622
148,149,0.18888157606124878
148,150,0.22962647676467896
149,148,0.18888157606124878
149,151,0.21787351369857788
150,148,0.22962647676467896
150,151,0.18546685576438904
151,149,0.21787351369857788
151,150,0.18546685576438904
152,153,0.21518400311470032
152,154,0.24272792041301727
153,152,0.21518400311470032
153,155,0.28892695903778076
154,152,0.24272792041301727
154,155,0.29421037435531616
155,153,0.28892695903778076
155,154,0.29421037435531616
156,157,0.20362964272499084
156,158,0.18237139284610748
157,156,0.20362964272499084
157,159,0.30333855748176575
158,156,0.18237139284610748
158,159,0.31568020582199097
159,157,0.30333855748176575
159,158,0.31568020582199097
160,161,0.18020099401474
160,162,0.1794707179069519
161,160,0.18020099401474
161,163,0.17650170624256134
162,160,0.1794707179069519
162,163,0.1615462601184845
163,161,0.17650170624256134
163,162,0.1615462601184845
164,165,0.32843080163002014
164,166,0.27347511053085327
165,164,0.32843080163002014
165,167,0.1558111310005188
166,164,0.27347511053085327
166,167,0.17417389154434204
167,165,0.1558111310005188
167,166,0.17417389154434204
168,169,0.17503178119659424
168,170,0.17135514318943024
169,168,0.17503178119659424
169,171,0.18131142854690552
170,168,0.17135514318943024
170,171,0.18753096461296082
171,169,0.18131142854690552
171,170,0.18753096461296082
172,173,0.1383552849292755
172,174,0.22419464588165283
173,172,0.1383552849292755
173,175,0.1989918351173401
174,172,0.22419464588165283
174,175,0.22147135436534882
175,173,0.1989918351173401
175,174,0.22147135436534882
176,177,0.24646425247192383
176,178,0.2637600004673004
177,176,0.24646425247192383
177,179,0.1741906851530075
178,176,0.2637600004673004
178,179,0.22867685556411743
179,177,0.1741906851530075
179,178,0.22867685556411743
180,181,0.1428021937608719
180,182,0.16929376125335693
181,180,0.1428021937608719
181,183,0.2146987020969391
182,180,0.16929376125335693
182,183,0.19428427517414093
183,181,0.2146987020969391
183,182,0.19428427517414093
184,185,0.17653043568134308
184,186,0.26482152938842773
185,184,0.17653043568134308
185,187,0.31484562158584595
186,184,0.26482152938842773
186,187,0.3136112093925476
187,185,0.31484562158584595
187,186,0.3136112093925476
188,189,0.1870664358139038
188,190,0.16460619866847992
189,188,0.1870664358139038
189,191,0.1844957023859024
190,188,0.16460619866847992
190,191,0.13025213778018951
191,189,0.1844957023859024
191,190,0.13025213778018951
192,193,0.24591609835624695
192,194,0.24229368567466736
193,192,0.24591609835624695
193,195,0.27899307012557983
194,192,0.24229368567466736
194,195,0.26857781410217285
195,193,0.27899307012557983
195,194,0.26857781410217285
196,197,0.1826668232679367
196,198,0.2511999011039734
197,196,0.1826668232679367
197,199,0.12734365463256836
198,196,0.2511999011039734
198,199,0.25995588302612305
199,197,0.12734365463256836
199,198,0.25995588302612305
200,201,0.15616443753242493
200,202,0.18900342285633087
201,200,0.15616443753242493
201,203,0.20543408393859863
202,200,0.18900342285633087
202,203,0.20917904376983643
203,201,0.20543408393859863
203,202,0.20917904376983643
204,205,0.2510669231414795
204,206,0.3044566512107849
205,204,0.2510669231414795
205,207,0.20921377837657928
206,204,0.3044566512107849
206,207,0.25377729535102844
207,205,0.20921377837657928
207,206,0.25377729535102844
208,209,0.1832120269536972
208,210,0.15314516425132751
209,208,0.1832120269536972
209,211,0.17906291782855988
210,208,0.15314516425132751
210,211,0.1797809600830078
211,209,0.17906291782855988
211,210,0.1797809600830078
212,213,0.3171643316745758
212,214,0.22235237061977386
213,212,0.3171643316745758
213,215,0.3300444185733795
214,212,0.22235237061977386
214,215,0.2797878384590149
215,213,0.3300444185733795
215,214,0.2797878384590149
216,217,0.24099230766296387
216,218,0.1794312596321106
217,216,0.24099230766296387
217,219,0.2788555920124054
218,216,0.1794312596321106
218,219,0.33033156394958496
219,217,0.2788555920124054
219,218,0.33033156394958496
220,221,0.16840915381908417
220,222,0.15472248196601868
221,220,0.16840915381908417
221,223,0.1669042557477951
222,220,0.15472248196601868
222,223,0.19486404955387115
223,221,0.1669042557477951
223,222,0.19486404955387115
224,225,0.2928880751132965
224,226,0.2592606246471405
225,224,0.2928880751132965
225,227,0.18802978098392487
226,224,0.2592606246471405
226,227,0.12122268974781036
227,225,0.18802978098392487
227,226,0.12122268974781036
228,229,0.480326771736145
228,230,0.3767092227935791
229,228,0.480326771736145
229,231,0.29278668761253357
230,228,0.3767092227935791
230,231,0.13696634769439697
231,229,0.29278668761253357
231,230,0.13696634769439697
232,233,0.22436359524726868
232,234,0.22415153682231903
233,232,0.22436359524726868
233,235,0.2613670825958252
234,232,0.22415153682231903
234,235,0.25160813331604004
235,233,0.2613670825958252
235,234,0.25160813331604004
236,237,0.2955617308616638
236,238,0.285086065530777
237,236,0.2955617308616638
237,239,0.23298314213752747
238,236,0.285086065530777
238,239,0.22829583287239075
239,237,0.23298314213752747
239,238,0.22829583287239075
240,241,0.23508581519126892
240,243,0.391795814037323
241,240,0.23508581519126892
241,244,0.17815281450748444
243,240,0.391795814037323
243,244,0.42427676916122437
244,241,0.17815281450748444
244,243,0.42427676916122437
245,246,0.3130375146865845
245,247,0.182791069149971
246,245,0.3130375146865845
246,248,0.2712513208389282
247,245,0.182791069149971
247,248,0.3040980100631714
248,246,0.2712513208389282
248,247,0.3040980100631714
249,250,0.1955549716949463
249,251,0.21097952127456665
250,249,0.1955549716949463
250,252,0.6776996850967407
250,253,0.4101397693157196
251,249,0.21097952127456665
251,253,0.3820776045322418
252,250,0.6776996850967407
253,250,0.4101397693157196
253,251,0.3820776045322418
254,255,0.17738229036331177
254,256,0.1862274408340454
255,254,0.17738229036331177
255,257,0.16206485033035278
256,254,0.1862274408340454
256,257,0.14682656526565552
257,255,0.16206485033035278
257,256,0.14682656526565552
258,259,0.23695941269397736
258,260,0.20204268395900726
259,258,0.23695941269397736
259,261,0.16554886102676392
260,258,0.20204268395900726
260,261,0.1358528435230255
261,259,0.16554886102676392
261,260,0.1358528435230255
262,263,0.27710413932800293
262,264,0.26264867186546326
263,262,0.27710413932800293
263,265,0.19148170948028564
264,262,0.26264867186546326
264,265,0.23653650283813477
265,263,0.19148170948028564
265,264,0.23653650283813477
266,267,0.1599993109703064
266,268,0.21885761618614197
267,266,0.1599993109703064
267,269,0.17938080430030823
268,266,0.21885761618614197
268,269,0.13265535235404968
269,267,0.17938080430030823
269,268,0.13265535235404968
270,271,0.23083294928073883
270,272,0.26125332713127136
271,270,0.23083294928073883
271,273,0.21306876838207245
272,270,0.26125332713127136
272,273,0.2749609351158142
273,271,0.21306876838207245
273,272,0.2749609351158142
274,275,0.6245822310447693
274,276,0.5738227367401123
275,274,0.6245822310447693
275,277,0.1489383578300476
276,274,0.5738227367401123
276,277,0.11821803450584412
277,275,0.1489383578300476
277,276,0.11821803450584412
278,279,0.25684618949890137
278,280,0.2337576448917389
279,278,0.25684618949890137
279,281,0.2308073788881302
280,278,0.2337576448917389
280,281,0.22790589928627014
281,279,0.2308073788881302
281,280,0.22790589928627014
282,283,0.15744030475616455
282,284,0.17172162234783173
283,282,0.15744030475616455
283,285,0.1918821483850479
284,282,0.17172162234783173
284,285,0.2076190561056137
285,283,0.1918821483850479
285,284,0.2076190561056137
286,287,0.23977747559547424
286,288,0.1504443734884262
287,286,0.23977747559547424
287,289,0.21191105246543884
288,286,0.1504443734884262
288,289,0.14045889675617218
289,287,0.21191105246543884
289,288,0.14045889675617218
290,291,0.24101872742176056
290,292,0.2798731327056885
291,290,0.24101872742176056
291,293,0.2258792221546173
292,290,0.2798731327056885
292,293,0.3354346752166748
293,291,0.2258792221546173
293,292,0.3354346752166748
294,295,0.18863868713378906
294,296,0.1424814760684967
295,294,0.18863868713378906
295,297,0.1733885109424591
296,294,0.1424814760684967
296,297,0.2184322327375412
297,295,0.1733885109424591
297,296,0.2184322327375412
298,299,0.25069159269332886
298,300,0.21428510546684265
299,298,0.25069159269332886
299,301,0.1966233104467392
300,298,0.21428510546684265
300,301,0.188853919506073
301,299,0.1966233104467392
301,300,0.188853919506073
302,303,0.1700899302959442
302,304,0.20358382165431976
303,302,0.1700899302959442
303,305,0.14876514673233032
304,302,0.20358382165431976
304,305,0.24241198599338531
305,303,0.14876514673233032
305,304,0.24241198599338531
306,307,0.31450730562210083
306,308,0.34494316577911377
307,306,0.31450730562210083
307,309,0.32180261611938477
308,306,0.34494316577911377
308,309,0.38933834433555603
309,307,0.32180261611938477
309,308,0.38933834433555603
310,311,0.10006146878004074
310,312,0.18585819005966187
311,310,0.10006146878004074
311,313,0.14747494459152222
312,310,0.18585819005966187
312,313,0.17552636563777924
313,311,0.14747494459152222
313,312,0.17552636563777924
314,315,0.1500932276248932
314,316,0.1673676073551178
315,314,0.1500932276248932
315,317,0.1693887710571289
316,314,0.1673676073551178
316,317,0.17812009155750275
317,315,0.1693887710571289
317,316,0.17812009155750275
318,319,0.17453263700008392
318,320,0.21434690058231354
319,318,0.17453263700008392
319,321,0.20139294862747192
320,318,0.21434690058231354
320,321,0.24033161997795105
321,319,0.20139294862747192
321,320,0.24033161997795105
322,323,0.21911464631557465
322,325,0.17653888463974
323,322,0.21911464631557465
323,326,0.19955649971961975
325,322,0.17653888463974
325,326,0.25368231534957886
326,323,0.19955649971961975
326,325,0.25368231534957886
327,328,0.21873795986175537
327,329,0.27248960733413696
328,327,0.21873795986175537
328,330,0.26809927821159363
329,327,0.27248960733413696
329,330,0.3004986345767975
330,328,0.26809927821159363
330,329,0.3004986345767975
331,332,0.29966625571250916
331,333,0.20406612753868103
332,331,0.29966625571250916
332,334,0.35587435960769653
333,331,0.20406612753868103
333,334,0.2679019868373871
334,332,0.35587435960769653
334,333,0.2679019868373871
335,336,0.32323330640792847
335,337,0.2607673704624176
336,335,0.32323330640792847
336,338,0.20810925960540771
337,335,0.2607673704624176
337,338,0.19484743475914001
338,336,0.20810925960540771
338,337,0.19484743475914001
339,340,0.19915245473384857
339,341,0.22111833095550537
340,339,0.19915245473384857
340,342,0.1675596982240677
341,339,0.22111833095550537
341,342,0.160241037607193
342,340,0.1675596982240677
342,341,0.160241037607193
343,344,0.22157961130142212
343,345,0.2207944542169571
344,343,0.22157961130142212
344,347,0.21620029211044312
345,343,0.2207944542169571
345,347,0.24767735600471497
346,347,0.3974469304084778
347,344,0.21620029211044312
347,345,0.24767735600471497
347,346,0.3974469304084778
348,349,0.196173757314682
348,350,0.16787251830101013
349,348,0.196173757314682
349,351,0.19259436428546906
350,348,0.16787251830101013
350,351,0.154694065451622
351,349,0.19259436428546906
351,350,0.154694065451622
352,353,0.29068949818611145
352,354,0.3146083652973175
353,352,0.29068949818611145
353,355,0.15610358119010925
354,352,0.3146083652973175
354,355,0.15030913054943085
355,353,0.15610358119010925
355,354,0.15030913054943085
356,357,0.18215471506118774
356,358,0.15932691097259521
357,356,0.18215471506118774
357,359,0.17489764094352722
358,356,0.15932691097259521
358,359,0.16896715760231018
359,357,0.17489764094352722
359,358,0.16896715760231018
360,361,0.1388915479183197
360,362,0.20829635858535767
361,360,0.1388915479183197
361,363,0.18829476833343506
362,360,0.20829635858535767
362,363,0.24343129992485046
363,361,0.18829476833343506
363,362,0.24343129992485046
364,365,0.23281286656856537
364,366,0.26784461736679077
365,364,0.23281286656856537
365,367,0.2325066328048706
366,364,0.26784461736679077
366,367,0.25900593400001526
367,365,0.2325066328048706
367,366,0.25900593400001526
368,369,0.2165732979774475
368,370,0.19186508655548096
369,368,0.2165732979774475
369,371,0.2542586028575897
370,368,0.19186508655548096
370,371,0.2643919289112091
371,369,0.2542586028575897
371,370,0.2643919289112091
372,373,0.1753636598587036
372,374,0.23017975687980652
373,372,0.1753636598587036
373,375,0.20679426193237305
374,372,0.23017975687980652
374,375,0.23961499333381653
375,373,0.20679426193237305
375,374,0.23961499333381653
376,377,0.2537008225917816
376,378,0.26288148760795593
377,376,0.2537008225917816
377,379,0.26777905225753784
378,376,0.26288148760795593
378,379,0.24699528515338898
379,377,0.26777905225753784
379,378,0.24699528515338898
380,381,0.24694257974624634
380,382,0.25984132289886475
381,380,0.24694257974624634
381,383,0.21077172458171844
382,380,0.25984132289886475
382,383,0.17333544790744781
383,381,0.21077172458171844
383,382,0.17333544790744781
384,385,0.16383308172225952
384,386,0.17650651931762695
385,384,0.16383308172225952
385,387,0.27158284187316895
386,384,0.17650651931762695
386,387,0.2432861626148224
387,385,0.27158284187316895
387,386,0.2432861626148224
388,391,0.21982643008232117
389,390,0.29852381348609924
389,391,0.2552945911884308
390,389,0.29852381348609924
390,392,0.2465583086013794
391,388,0.21982643008232117
391,389,0.2552945911884308
391,392,0.15424317121505737
392,390,0.2465583086013794
392,391,0.15424317121505737
393,394,0.2331443727016449
393,395,0.18612536787986755
394,393,0.2331443727016449
394,396,0.25847432017326355
395,393,0.18612536787986755
395,396,0.2587694525718689
396,394,0.25847432017326355
396,395,0.2587694525718689
397,398,0.19074831902980804
397,399,0.27801525592803955
398,397,0.19074831902980804
398,400,0.22280554473400116
399,397,0.27801525592803955
399,400,0.26317575573921204
400,398,0.22280554473400116
400,399,0.26317575573921204
401,402,0.23201344907283783
401,403,0.2133711874485016
402,401,0.23201344907283783
402,404,0.27593541145324707
403,401,0.2133711874485016
403,404,0.16725552082061768
404,402,0.27593541145324707
404,403,0.16725552082061768
405,406,0.2790164053440094
405,407,0.2933174967765808
406,405,0.2790164053440094
406,408,0.20152312517166138
407,405,0.2933174967765808
407,408,0.2201063632965088
408,406,0.20152312517166138
408,407,0.2201063632965088
409,410,0.19870921969413757
409,411,0.1232064962387085
410,409,0.19870921969413757
410,412,0.20504720509052277
411,409,0.1232064962387085
411,412,0.1927272081375122
412,410,0.20504720509052277
412,411,0.1927272081375122
413,414,0.17558498680591583
413,415,0.20948442816734314
414,413,0.17558498680591583
414,417,0.6247877478599548
415,413,0.20948442816734314
415,416,0.575789749622345
415,417,0.5713143944740295
416,415,0.575789749622345
417,414,0.6247877478599548
417,415,0.5713143944740295
418,419,0.3468535244464874
418,420,0.28784865140914917
419,418,0.3468535244464874
419,421,0.31481701135635376
420,418,0.28784865140914917
420,421,0.24459201097488403
421,419,0.31481701135635376
421,420,0.24459201097488403
422,423,0.2762652337551117
422,424,0.22027084231376648
423,422,0.2762652337551117
423,425,0.2505924701690674
424,422,0.22027084231376648
424,425,0.2482655942440033
425,423,0.2505924701690674
425,424,0.2482655942440033
426,427,0.16320303082466125
426,428,0.16765792667865753
427,426,0.16320303082466125
427,429,0.20621931552886963
428,426,0.16765792667865753
428,429,0.2377980798482895
429,427,0.20621931552886963
429,428,0.2377980798482895
430,431,0.6726281046867371
430,432,0.27055689692497253
430,433,0.28231877088546753
431,430,0.6726281046867371
432,430,0.27055689692497253
432,434,0.3076396584510803
433,430,0.28231877088546753
433,434,0.2733596861362457
434,432,0.3076396584510803
434,433,0.2733596861362457
435,436,0.35990142822265625
435,437,0.3706255257129669
436,435,0.35990142822265625
436,438,0.2737176716327667
437,435,0.3706255257129669
437,438,0.22662734985351562
438,436,0.2737176716327667
438,437,0.22662734985351562
439,440,0.2401050478219986
439,441,0.20039039850234985
440,439,0.2401050478219986
440,442,0.22529494762420654
441,439,0.20039039850234985
441,442,0.18209820985794067
442,440,0.22529494762420654
442,441,0.18209820985794067
443,445,0.5348070859909058
443,446,0.5882147550582886
444,445,0.5400318503379822
445,443,0.5348070859909058
445,444,0.5400318503379822
445,447,0.1942516714334488
446,443,0.5882147550582886
446,447,0.19263428449630737
447,445,0.1942516714334488
447,446,0.19263428449630737
448,449,0.14419138431549072
448,450,0.27970683574676514
449,448,0.14419138431549072
449,451,0.1606462448835373
450,448,0.27970683574676514
450,451,0.22458955645561218
451,449,0.1606462448835373
451,450,0.22458955645561218
452,453,0.2218792587518692
452,454,0.31140705943107605
453,452,0.2218792587518692
453,455,0.2064473181962967
454,452,0.31140705943107605
454,455,0.3053550720214844
455,453,0.2064473181962967
455,454,0.3053550720214844
456,457,0.30783769488334656
456,459,0.21326343715190887
457,456,0.30783769488334656
457,460,0.3006405532360077
458,460,0.5377479195594788
459,456,0.21326343715190887
459,460,0.17660778760910034
460,457,0.3006405532360077
460,458,0.5377479195594788
460,459,0.17660778760910034
461,462,0.29071280360221863
461,463,0.16355052590370178
462,461,0.29071280360221863
462,464,0.2738873362541199
463,461,0.16355052590370178
463,464,0.19130250811576843
464,462,0.2738873362541199
464,463,0.19130250811576843
465,466,0.39320820569992065
465,467,0.15812669694423676
466,465,0.39320820569992065
466,468,0.372162789106369
467,465,0.15812669694423676
467,468,0.1282457560300827
468,466,0.372162789106369
468,467,0.1282457560300827
469,470,0.19710811972618103
469,471,0.20659267902374268
470,469,0.19710811972618103
470,472,0.19786620140075684
471,469,0.20659267902374268
471,472,0.21541710197925568
472,470,0.19786620140075684
472,471,0.21541710197925568
473,474,0.20805810391902924
473,475,0.2299628108739853
474,473,0.20805810391902924
474,476,0.194321408867836
475,473,0.2299628108739853
475,476,0.17573805153369904
476,474,0.194321408867836
476,475,0.17573805153369904
477,478,0.2283218950033188
477,479,0.20058481395244598
478,477,0.2283218950033188
478,480,0.21803134679794312
479,477,0.20058481395244598
479,480,0.21257689595222473
480,478,0.21803134679794312
480,479,0.21257689595222473
481,482,0.36734142899513245
481,483,0.23041623830795288
482,481,0.36734142899513245
482,484,0.35756152868270874
483,481,0.23041623830795288
483,484,0.17965783178806305
484,482,0.35756152868270874
484,483,0.17965783178806305
485,486,0.1357962191104889
485,487,0.2769738435745239
486,485,0.1357962191104889
486,488,0.18911299109458923
487,485,0.2769738435745239
487,488,0.2539708614349365
488,486,0.18911299109458923
488,487,0.2539708614349365
489,490,0.2340320646762848
489,491,0.1935196816921234
490,489,0.2340320646762848
490,492,0.20168979465961456
491,489,0.1935196816921234
491,492,0.21226713061332703
492,490,0.20168979465961456
492,491,0.21226713061332703
493,494,0.2095937728881836
493,495,0.24863183498382568
494,493,0.2095937728881836
494,496,0.2667781114578247
495,493,0.24863183498382568
495,496,0.3334271311759949
496,494,0.2667781114578247
496,495,0.3334271311759949
497,498,0.20642411708831787
497,499,0.17677448689937592
498,497,0.20642411708831787
498,500,0.20694348216056824
499,497,0.17677448689937592
499,500,0.14710284769535065
500,498,0.20694348216056824
500,499,0.14710284769535065
501,502,0.19851499795913696
501,503,0.22470669448375702
502,501,0.19851499795913696
502,504,0.1995505839586258
503,501,0.22470669448375702
503,504,0.19818764925003052
504,502,0.1995505839586258
504,503,0.19818764925003052
505,506,0.20660236477851868
505,507,0.26656022667884827
506,505,0.20660236477851868
506,508,0.24609793722629547
507,505,0.26656022667884827
507,508,0.1646440476179123
508,506,0.24609793722629547
508,507,0.1646440476179123
509,510,0.3512474000453949
509,511,0.1757194995880127
510,509,0.3512474000453949
510,512,0.249664306640625
511,509,0.1757194995880127
511,512,0.264093816280365
512,510,0.249664306640625
512,511,0.264093816280365
513,514,0.19873295724391937
513,515,0.22579509019851685
514,513,0.19873295724391937
514,516,0.22468355298042297
515,513,0.22579509019851685
515,516,0.16769671440124512
516,514,0.22468355298042297
516,515,0.16769671440124512
517,518,0.19753316044807434
517,519,0.22054865956306458
518,517,0.19753316044807434
518,520,0.14627857506275177
519,517,0.22054865956306458
519,520,0.2288411259651184
520,518,0.14627857506275177
520,519,0.2288411259651184
521,522,0.13923193514347076
521,523,0.15505096316337585
522,521,0.13923193514347076
522,524,0.17917288839817047
523,521,0.15505096316337585
523,524,0.1762721985578537
524,522,0.17917288839817047
524,523,0.1762721985578537
525,526,0.24851863086223602
525,527,0.22370967268943787
526,525,0.24851863086223602
526,528,0.25805315375328064
527,525,0.22370967268943787
527,528,0.20653651654720306
528,526,0.25805315375328064
528,527,0.20653651654720306
529,530,0.18621139228343964
529,531,0.21086545288562775
530,529,0.18621139228343964
530,532,0.2094355821609497
531,529,0.21086545288562775
531,532,0.1945350170135498
532,530,0.2094355821609497
532,531,0.1945350170135498
533,534,0.245236337184906
533,535,0.19128364324569702
534,533,0.245236337184906
534,536,0.18048319220542908
535,533,0.19128364324569702
535,536,0.187053382396698
536,534,0.18048319220542908
536,535,0.187053382396698
537,538,0.32334667444229126
537,539,0.2410666048526764
538,537,0.32334667444229126
538,540,0.20149679481983185
539,537,0.2410666048526764
539,540,0.17853455245494843
540,538,0.20149679481983185
540,539,0.17853455245494843
541,543,0.6563498377799988
541,544,0.7504040002822876
542,544,0.20522429049015045
543,541,0.6563498377799988
543,545,0.4425387382507324
544,541,0.7504040002822876
544,542,0.20522429049015045
544,545,0.1825110912322998
545,543,0.4425387382507324
545,544,0.1825110912322998
546,547,0.1603638380765915
546,548,0.16403301060199738
547,546,0.1603638380765915
547,549,0.14311662316322327
548,546,0.16403301060199738
548,549,0.18537920713424683
549,547,0.14311662316322327
549,548,0.18537920713424683
550,551,0.23047590255737305
550,552,0.23021356761455536
551,550,0.23047590255737305
551,553,0.21513192355632782
552,550,0.23021356761455536
552,553,0.21408507227897644
553,551,0.21513192355632782
553,552,0.21408507227897644
554,555,0.24507617950439453
554,556,0.21662412583827972
555,554,0.24507617950439453
555,557,0.1958102136850357
556,554,0.21662412583827972
556,557,0.1755828559398651
557,555,0.1958102136850357
557,556,0.1755828559398651
558,559,0.2011069655418396
558,560,0.14129188656806946
559,558,0.2011069655418396
559,561,0.28297948837280273
560,558,0.14129188656806946
560,561,0.3011043667793274
561,559,0.28297948837280273
561,560,0.3011043667793274
562,563,0.17037780582904816
562,564,0.21770745515823364
563,562,0.17037780582904816
563,565,0.16812241077423096
564,562,0.21770745515823364
564,565,0.18903318047523499
565,563,0.16812241077423096
565,564,0.18903318047523499
566,567,0.2354021519422531
566,568,0.3487846851348877
567,566,0.2354021519422531
567,569,0.31506434082984924
568,566,0.3487846851348877
568,569,0.41427963972091675
569,567,0.31506434082984924
569,568,0.41427963972091675
570,571,0.18669363856315613
570,572,0.24478507041931152
571,570,0.18669363856315613
571,573,0.2250412106513977
572,570,0.24478507041931152
572,573,0.26516711711883545
573,571,0.2250412106513977
573,572,0.26516711711883545
574,575,0.334392786026001
574,576,0.22939451038837433
575,574,0.334392786026001
575,577,0.2547609210014343
576,574,0.22939451038837433
576,577,0.18866030871868134
577,575,0.2547609210014343
577,576,0.18866030871868134
578,579,0.1936206966638565
578,580,0.18717576563358307
579,578,0.1936206966638565
579,581,0.22224372625350952
580,578,0.18717576563358307
580,581,0.16101843118667603
581,579,0.22224372625350952
581,580,0.16101843118667603
582,583,0.20274750888347626
582,584,0.1614486277103424
583,582,0.20274750888347626
583,585,0.18039646744728088
584,582,0.1614486277103424
584,585,0.29171013832092285
585,583,0.18039646744728088
585,584,0.29171013832092285
586,587,0.21419955790042877
586,588,0.2616209089756012
587,586,0.21419955790042877
587,589,0.25309228897094727
588,586,0.2616209089756012
588,589,0.26511460542678833
589,587,0.25309228897094727
589,588,0.26511460542678833
590,591,0.14086636900901794
590,592,0.1932438313961029
591,590,0.14086636900901794
591,593,0.1741153448820114
592,590,0.1932438313961029
592,593,0.21487945318222046
593,591,0.1741153448820114
593,592,0.21487945318222046
594,595,0.2105908989906311
594,596,0.2296438217163086
595,594,0.2105908989906311
595,597,0.2590656280517578
596,594,0.2296438217163086
596,597,0.289861798286438
597,595,0.2590656280517578
597,596,0.289861798286438
598,599,0.21554481983184814
598,600,0.21487760543823242
599,598,0.21554481983184814
599,601,0.16207268834114075
600,598,0.21487760543823242
600,601,0.19287537038326263
601,599,0.16207268834114075
601,600,0.19287537038326263
602,603,0.1952042281627655
602,604,0.2138218730688095
603,602,0.1952042281627655
603,605,0.16023576259613037
604,602,0.2138218730688095
604,605,0.16287603974342346
605,603,0.16023576259613037
605,604,0.16287603974342346
606,607,0.2331445813179016
606,608,0.3270280957221985
607,606,0.2331445813179016
607,609,0.2320626825094223
608,606,0.3270280957221985
608,609,0.32684898376464844
609,607,0.2320626825094223
609,608,0.32684898376464844
610,611,0.18329742550849915
610,612,0.2371463030576706
611,610,0.18329742550849915
611,613,0.19508519768714905
612,610,0.2371463030576706
612,613,0.1766146421432495
613,611,0.19508519768714905
613,612,0.1766146421432495
614,615,0.1344505250453949
614,616,0.2540009915828705
615,614,0.1344505250453949
615,617,0.19090183079242706
616,614,0.2540009915828705
616,617,0.26840242743492126
617,615,0.19090183079242706
617,616,0.26840242743492126
618,619,0.2738322913646698
618,620,0.21997354924678802
619,618,0.2738322913646698
619,621,0.2379356324672699
620,618,0.21997354924678802
620,621,0.10862312465906143
621,619,0.2379356324672699
621,620,0.10862312465906143
622,623,0.1925697773694992
622,624,0.2108806073665619
623,622,0.1925697773694992
623,625,0.3827293813228607
624,622,0.2108806073665619
624,625,0.28407031297683716
625,623,0.3827293813228607
625,624,0.28407031297683716
626,627,0.2236090451478958
626,628,0.3035263419151306
627,626,0.2236090451478958
627,629,0.18158073723316193
628,626,0.3035263419151306
628,629,0.1754864603281021
629,627,0.18158073723316193
629,628,0.1754864603281021
630,631,0.19743670523166656
630,632,0.22939811646938324
631,630,0.19743670523166656
631,633,0.21814574301242828
632,630,0.22939811646938324
632,633,0.1796931028366089
633,631,0.21814574301242828
633,632,0.1796931028366089
634,635,0.15088436007499695
634,636,0.175562784075737
635,634,0.15088436007499695
635,637,0.222269669175148
636,634,0.175562784075737
636,637,0.1823817789554596
637,635,0.222269669175148
637,636,0.1823817789554596
638,639,0.19171485304832458
638,640,0.13347944617271423
639,638,0.19171485304832458
639,641,0.24292805790901184
640,638,0.13347944617271423
640,641,0.23937919735908508
641,639,0.24292805790901184
641,640,0.23937919735908508
642,643,0.33881157636642456
642,644,0.2323722094297409
643,642,0.33881157636642456
643,645,0.29026126861572266
644,642,0.2323722094297409
644,645,0.2021297961473465
645,643,0.29026126861572266
645,644,0.2021297961473465
646,647,0.1953551471233368
646,649,0.24346700310707092
647,646,0.1953551471233368
647,650,0.11635234951972961
649,646,0.24346700310707092
649,650,0.17393139004707336
650,647,0.11635234951972961
650,649,0.17393139004707336
651,652,0.3259769678115845
651,653,0.39541080594062805
652,651,0.3259769678115845
652,654,0.12793512642383575
653,651,0.39541080594062805
653,654,0.20700284838676453
654,652,0.12793512642383575
654,653,0.20700284838676453
655,656,0.18613101541996002
655,657,0.289536714553833
656,655,0.18613101541996002
656,658,0.12268104404211044
657,655,0.289536714553833
657,658,0.3401791453361511
658,656,0.12268104404211044
658,657,0.3401791453361511
659,660,0.18700812757015228
659,661,0.21867549419403076
660,659,0.18700812757015228
660,662,0.4211796522140503
661,659,0.21867549419403076
661,662,0.3444371819496155
662,660,0.4211796522140503
662,661,0.3444371819496155
663,664,0.29179561138153076
663,665,0.16265295445919037
664,663,0.29179561138153076
664,666,0.2302192747592926
665,663,0.16265295445919037
665,666,0.22004976868629456
666,664,0.2302192747592926
666,665,0.22004976868629456
667,668,0.1898757517337799
667,669,0.186726376414299
668,667,0.1898757517337799
668,670,0.3031432628631592
669,667,0.186726376414299
669,670,0.25866231322288513
670,668,0.3031432628631592
670,669,0.25866231322288513
671,672,0.1691896766424179
671,673,0.20153537392616272
672,671,0.1691896766424179
672,674,0.1718025952577591
673,671,0.20153537392616272
673,674,0.18924587965011597
674,672,0.1718025952577591
674,673,0.18924587965011597
675,676,0.17702527344226837
675,677,0.1578408032655716
676,675,0.17702527344226837
676,678,0.15480008721351624
677,675,0.1578408032655716
677,678,0.18033196032047272
678,676,0.15480008721351624
678,677,0.18033196032047272
679,680,0.16663703322410583
679,681,0.12315012514591217
680,679,0.16663703322410583
680,682,0.24930720031261444
681,679,0.12315012514591217
681,682,0.29829251766204834
682,680,0.24930720031261444
682,681,0.29829251766204834
683,684,0.25547873973846436
683,685,0.3162950873374939
684,683,0.25547873973846436
684,686,0.19753897190093994
685,683,0.3162950873374939
685,686,0.3304445445537567
686,684,0.19753897190093994
686,685,0.3304445445537567
687,688,0.14685574173927307
687,689,0.2569977641105652
688,687,0.14685574173927307
688,690,0.17965343594551086
689,687,0.2569977641105652
689,690,0.2764262557029724
690,688,0.17965343594551086
690,689,0.2764262557029724
691,692,0.2154475897550583
691,693,0.1657876968383789
692,691,0.2154475897550583
692,694,0.23867541551589966
693,691,0.1657876968383789
693,694,0.15380656719207764
694,692,0.23867541551589966
694,693,0.15380656719207764
