Region ID,Adjacent Region ID,Similarity
1,2,0.2796495258808136
1,3,0.2969296872615814
2,1,0.2796495258808136
2,4,0.22892268002033234
3,1,0.2969296872615814
3,4,0.21514496207237244
4,2,0.22892268002033234
4,3,0.21514496207237244
5,6,0.17086133360862732
5,7,0.1848318874835968
6,5,0.17086133360862732
6,8,0.30154362320899963
7,5,0.1848318874835968
7,8,0.29876014590263367
8,6,0.30154362320899963
8,7,0.29876014590263367
9,10,0.2237902581691742
9,11,0.1409086436033249
10,9,0.2237902581691742
10,12,0.17196044325828552
11,9,0.1409086436033249
11,12,0.1492467075586319
12,10,0.17196044325828552
12,11,0.1492467075586319
13,14,0.18783266842365265
13,15,0.5652846097946167
14,13,0.18783266842365265
14,16,0.2349339872598648
15,13,0.5652846097946167
15,16,0.5299222469329834
16,14,0.2349339872598648
16,15,0.5299222469329834
17,18,0.30677735805511475
17,19,0.2607399821281433
18,17,0.30677735805511475
18,20,0.2510446608066559
19,17,0.2607399821281433
19,20,0.21428221464157104
20,18,0.2510446608066559
20,19,0.21428221464157104
21,22,0.1720079779624939
21,23,0.1656833291053772
22,21,0.1720079779624939
22,24,0.16607844829559326
23,21,0.1656833291053772
23,24,0.18534621596336365
24,22,0.16607844829559326
24,23,0.18534621596336365
25,26,0.1915733814239502
25,27,0.2307569682598114
26,25,0.1915733814239502
26,28,0.19845649600028992
27,25,0.2307569682598114
27,28,0.2239934504032135
28,26,0.19845649600028992
28,27,0.2239934504032135
29,30,0.19669637084007263
29,31,0.23498141765594482
30,29,0.19669637084007263
30,32,0.1655355542898178
31,29,0.23498141765594482
31,32,0.23803552985191345
32,30,0.1655355542898178
32,31,0.23803552985191345
33,34,0.20580977201461792
33,35,0.2278321534395218
34,33,0.20580977201461792
34,36,0.22027164697647095
35,33,0.2278321534395218
35,36,0.2755637764930725
36,34,0.22027164697647095
36,35,0.2755637764930725
37,38,0.21211108565330505
37,39,0.1284751296043396
38,37,0.21211108565330505
38,40,0.19195252656936646
39,37,0.1284751296043396
39,40,0.12044423073530197
40,38,0.19195252656936646
40,39,0.12044423073530197
41,42,0.19243787229061127
41,43,0.2726805806159973
42,41,0.19243787229061127
42,44,0.15965087711811066
43,41,0.2726805806159973
43,44,0.254666805267334
44,42,0.15965087711811066
44,43,0.254666805267334
45,46,0.14939652383327484
45,47,0.18301542103290558
46,45,0.14939652383327484
46,48,0.19461145997047424
47,45,0.18301542103290558
47,48,0.23884674906730652
48,46,0.19461145997047424
48,47,0.23884674906730652
49,50,0.23662826418876648
49,51,0.17648452520370483
50,49,0.23662826418876648
50,52,0.3029193878173828
51,49,0.17648452520370483
51,52,0.25601625442504883
52,50,0.3029193878173828
52,51,0.25601625442504883
53,54,0.1614549458026886
53,55,0.17121878266334534
54,53,0.1614549458026886
54,56,0.1623961329460144
55,53,0.17121878266334534
55,56,0.22838716208934784
56,54,0.1623961329460144
56,55,0.22838716208934784
57,58,0.31401291489601135
57,59,0.2864326238632202
58,57,0.31401291489601135
58,60,0.31355607509613037
59,57,0.2864326238632202
59,60,0.3589007258415222
60,58,0.31355607509613037
60,59,0.3589007258415222
61,62,0.22708094120025635
61,63,0.2542209327220917
62,61,0.22708094120025635
62,64,0.1503266543149948
63,61,0.2542209327220917
63,64,0.20990750193595886
64,62,0.1503266543149948
64,63,0.20990750193595886
65,66,0.2966834008693695
65,67,0.2788446545600891
66,65,0.2966834008693695
66,68,0.2881850302219391
67,65,0.2788446545600891
67,68,0.2505649924278259
68,66,0.2881850302219391
68,67,0.2505649924278259
69,70,0.18984895944595337
69,71,0.2980840802192688
70,69,0.18984895944595337
70,72,0.24809837341308594
71,69,0.2980840802192688
71,72,0.2286347895860672
72,70,0.24809837341308594
72,71,0.2286347895860672
73,74,0.2787623107433319
73,75,0.25739336013793945
74,73,0.2787623107433319
74,76,0.30932939052581787
75,73,0.25739336013793945
75,76,0.31002315878868103
76,74,0.30932939052581787
76,75,0.31002315878868103
77,79,0.4014914631843567
77,80,0.4470788240432739
78,79,0.677739679813385
79,77,0.4014914631843567
79,78,0.677739679813385
79,81,0.2391674667596817
80,77,0.4470788240432739
80,81,0.19718612730503082
81,79,0.2391674667596817
81,80,0.19718612730503082
82,83,0.1488785743713379
82,84,0.27617108821868896
83,82,0.1488785743713379
83,85,0.28858229517936707
83,86,0.31981635093688965
84,82,0.27617108821868896
84,86,0.3220369815826416
85,83,0.28858229517936707
86,83,0.31981635093688965
86,84,0.3220369815826416
87,88,0.2779149115085602
87,89,0.21222543716430664
88,87,0.2779149115085602
88,90,0.3764747083187103
89,87,0.21222543716430664
89,90,0.23292985558509827
90,88,0.3764747083187103
90,89,0.23292985558509827
91,92,0.17835161089897156
91,93,0.17969806492328644
92,91,0.17835161089897156
92,94,0.27578479051589966
93,91,0.17969806492328644
93,94,0.3110356628894806
94,92,0.27578479051589966
94,93,0.3110356628894806
95,96,0.19913718104362488
95,97,0.3023499846458435
96,95,0.19913718104362488
96,98,0.20843598246574402
97,95,0.3023499846458435
97,98,0.2415499985218048
98,96,0.20843598246574402
98,97,0.2415499985218048
99,100,0.2186822146177292
99,101,0.1803864687681198
100,99,0.2186822146177292
100,102,0.14973878860473633
101,99,0.1803864687681198
101,102,0.16681374609470367
102,100,0.14973878860473633
102,101,0.16681374609470367
103,104,0.21045628190040588
103,105,0.21399536728858948
104,103,0.21045628190040588
104,106,0.3295444846153259
105,103,0.21399536728858948
105,106,0.31777235865592957
106,104,0.3295444846153259
106,105,0.31777235865592957
107,108,0.17317579686641693
107,109,0.20283600687980652
108,107,0.17317579686641693
108,110,0.2582576870918274
109,107,0.20283600687980652
109,110,0.24234694242477417
110,108,0.2582576870918274
110,109,0.24234694242477417
111,112,0.2639348804950714
111,113,0.14411517977714539
112,111,0.2639348804950714
112,114,0.2777019143104553
113,111,0.14411517977714539
113,114,0.19633735716342926
114,112,0.2777019143104553
114,113,0.19633735716342926
115,116,0.4171883165836334
115,117,0.39604756236076355
116,115,0.4171883165836334
116,118,0.30264803767204285
117,115,0.39604756236076355
117,118,0.30089831352233887
118,116,0.30264803767204285
118,117,0.30089831352233887
119,120,0.16332733631134033
119,121,0.17156635224819183
120,119,0.16332733631134033
120,122,0.19798746705055237
121,119,0.17156635224819183
121,122,0.2160709798336029
122,120,0.19798746705055237
122,121,0.2160709798336029
123,124,0.2052341103553772
123,125,0.1951705813407898
124,123,0.2052341103553772
124,126,0.2135549783706665
125,123,0.1951705813407898
125,126,0.1976962387561798
126,124,0.2135549783706665
126,125,0.1976962387561798
127,128,0.24921798706054688
127,129,0.3185794949531555
128,127,0.24921798706054688
128,130,0.15255549550056458
129,127,0.3185794949531555
129,130,0.2604386806488037
130,128,0.15255549550056458
130,129,0.2604386806488037
131,132,0.23277932405471802
131,133,0.17619538307189941
132,131,0.23277932405471802
132,134,0.23984354734420776
133,131,0.17619538307189941
133,134,0.2528514862060547
134,132,0.23984354734420776
134,133,0.2528514862060547
135,136,0.26157471537590027
135,137,0.24155130982398987
136,135,0.26157471537590027
136,138,0.23525823652744293
137,135,0.24155130982398987
137,138,0.2526451349258423
138,136,0.23525823652744293
138,137,0.2526451349258423
139,140,0.19425450265407562
139,141,0.17295275628566742
140,139,0.19425450265407562
140,142,0.14859211444854736
141,139,0.17295275628566742
141,142,0.15087658166885376
142,140,0.14859211444854736
142,141,0.15087658166885376
143,144,0.14312192797660828
143,145,0.12031912058591843
144,143,0.14312192797660828
144,146,0.20467954874038696
145,143,0.12031912058591843
145,146,0.19738057255744934
146,144,0.20467954874038696
146,145,0.19738057255744934
147,148,0.20453104376792908
147,149,0.2526525855064392
148,147,0.20453104376792908
148,150,0.19104492664337158
149,147,0.2526525855064392
149,150,0.198416069149971
150,148,0.19104492664337158
150,149,0.198416069149971
151,152,0.30245935916900635
151,153,0.3081044554710388
152,151,0.30245935916900635
152,154,0.2751913070678711
153,151,0.3081044554710388
153,154,0.195506289601326
154,152,0.2751913070678711
154,153,0.195506289601326
155,156,0.3328443765640259
155,157,0.33586859703063965
156,155,0.3328443765640259
156,158,0.29999402165412903
157,155,0.33586859703063965
157,158,0.2959717810153961
158,156,0.29999402165412903
158,157,0.2959717810153961
159,160,0.1410173773765564
159,161,0.1729641854763031
160,159,0.1410173773765564
160,162,0.14576131105422974
161,159,0.1729641854763031
161,162,0.15848174691200256
162,160,0.14576131105422974
162,161,0.15848174691200256
163,164,0.15790075063705444
163,165,0.2751491665840149
164,163,0.15790075063705444
164,166,0.21998511254787445
165,163,0.2751491665840149
165,166,0.23361213505268097
166,164,0.21998511254787445
166,165,0.23361213505268097
167,168,0.26594188809394836
167,169,0.2854864299297333
168,167,0.26594188809394836
168,170,0.21084502339363098
169,167,0.2854864299297333
169,170,0.16845299303531647
170,168,0.21084502339363098
170,169,0.16845299303531647
171,172,0.18812987208366394
171,173,0.13672059774398804
172,171,0.18812987208366394
172,174,0.23453974723815918
173,171,0.13672059774398804
173,174,0.29078325629234314
174,172,0.23453974723815918
174,173,0.29078325629234314
175,176,0.2745056748390198
175,177,0.2537288963794708
176,175,0.2745056748390198
176,178,0.29434049129486084
177,175,0.2537288963794708
177,178,0.24477851390838623
178,176,0.29434049129486084
178,177,0.24477851390838623
179,180,0.2256220281124115
179,181,0.2159959226846695
180,179,0.2256220281124115
180,182,0.17752447724342346
181,179,0.2159959226846695
181,182,0.20934641361236572
182,180,0.17752447724342346
182,181,0.20934641361236572
183,184,0.24477940797805786
183,185,0.21444375813007355
184,183,0.24477940797805786
184,186,0.1820915788412094
185,183,0.21444375813007355
185,186,0.17712511122226715
186,184,0.1820915788412094
186,185,0.17712511122226715
187,188,0.25027039647102356
187,189,0.24599245190620422
188,187,0.25027039647102356
188,190,0.2946276366710663
189,187,0.24599245190620422
189,190,0.24354210495948792
190,188,0.2946276366710663
190,189,0.24354210495948792
191,192,0.20341724157333374
191,193,0.19029051065444946
192,191,0.20341724157333374
192,194,0.21430495381355286
193,191,0.19029051065444946
193,194,0.15614652633666992
194,192,0.21430495381355286
194,193,0.15614652633666992
195,196,0.3388441801071167
195,197,0.22430071234703064
196,195,0.3388441801071167
196,198,0.21609576046466827
197,195,0.22430071234703064
197,198,0.2727414667606354
198,196,0.21609576046466827
198,197,0.2727414667606354
199,200,0.24082614481449127
199,201,0.15819674730300903
200,199,0.24082614481449127
200,202,0.2664829194545746
201,199,0.15819674730300903
201,202,0.1984912008047104
202,200,0.2664829194545746
202,201,0.1984912008047104
203,204,0.18023326992988586
203,205,0.17187674343585968
204,203,0.18023326992988586
204,206,0.28104454278945923
205,203,0.17187674343585968
205,206,0.283100962638855
206,204,0.28104454278945923
206,205,0.283100962638855
207,208,0.25030243396759033
207,209,0.1948922574520111
208,207,0.25030243396759033
208,210,0.49889782071113586
209,207,0.1948922574520111
209,210,0.4117288291454315
210,208,0.49889782071113586
210,209,0.4117288291454315
211,212,0.19678856432437897
211,213,0.2430451661348343
212,211,0.19678856432437897
212,214,0.22906865179538727
213,211,0.2430451661348343
213,214,0.26802918314933777
214,212,0.22906865179538727
214,213,0.26802918314933777
215,216,0.23489609360694885
215,217,0.6145683526992798
216,215,0.23489609360694885
216,218,0.30714210867881775
217,215,0.6145683526992798
217,218,0.6722988486289978
218,216,0.30714210867881775
218,217,0.6722988486289978
219,220,0.2252402901649475
219,221,0.21692323684692383
220,219,0.2252402901649475
220,222,0.23023265600204468
221,219,0.21692323684692383
221,222,0.15502622723579407
222,220,0.23023265600204468
222,221,0.15502622723579407
223,224,0.3197654187679291
223,225,0.2919096350669861
224,223,0.3197654187679291
224,226,0.2084387093782425
225,223,0.2919096350669861
225,226,0.2676240801811218
226,224,0.2084387093782425
226,225,0.2676240801811218
227,228,0.2657453119754791
227,229,0.24059155583381653
228,227,0.2657453119754791
228,230,0.23596689105033875
229,227,0.24059155583381653
229,230,0.30020594596862793
230,228,0.23596689105033875
230,229,0.30020594596862793
231,232,0.2414223700761795
231,233,0.20082859694957733
232,231,0.2414223700761795
232,234,0.24552017450332642
233,231,0.20082859694957733
233,234,0.16199079155921936
234,232,0.24552017450332642
234,233,0.16199079155921936
235,236,0.28656232357025146
235,237,0.3752877712249756
236,235,0.28656232357025146
236,238,0.18957293033599854
237,235,0.3752877712249756
237,238,0.353961318731308
238,236,0.18957293033599854
238,237,0.353961318731308
239,240,0.1823846846818924
239,241,0.26680031418800354
240,239,0.1823846846818924
240,242,0.1691049337387085
241,239,0.26680031418800354
241,242,0.2870945930480957
242,240,0.1691049337387085
242,241,0.2870945930480957
243,244,0.19636014103889465
243,245,0.19628232717514038
244,243,0.19636014103889465
244,246,0.17412824928760529
245,243,0.19628232717514038
245,246,0.2093266248703003
246,244,0.17412824928760529
246,245,0.2093266248703003
247,248,0.18946245312690735
247,249,0.23185162246227264
248,247,0.18946245312690735
248,250,0.2637375593185425
249,247,0.23185162246227264
249,250,0.2196822613477707
250,248,0.2637375593185425
250,249,0.2196822613477707
251,252,0.25550583004951477
251,253,0.20789533853530884
252,251,0.25550583004951477
252,254,0.22850973904132843
253,251,0.20789533853530884
253,254,0.24312981963157654
254,252,0.22850973904132843
254,253,0.24312981963157654
255,256,0.18396851420402527
255,257,0.19226810336112976
256,255,0.18396851420402527
256,258,0.19100594520568848
257,255,0.19226810336112976
257,258,0.23322229087352753
258,256,0.19100594520568848
258,257,0.23322229087352753
259,260,0.21812531352043152
259,261,0.14539629220962524
260,259,0.21812531352043152
260,262,0.2124636024236679
261,259,0.14539629220962524
261,262,0.22211652994155884
262,260,0.2124636024236679
262,261,0.22211652994155884
263,264,0.11207286268472672
263,265,0.26313066482543945
264,263,0.11207286268472672
264,266,0.21069151163101196
265,263,0.26313066482543945
265,266,0.3383120894432068
266,264,0.21069151163101196
266,265,0.3383120894432068
267,268,0.2522643804550171
267,269,0.2005903571844101
268,267,0.2522643804550171
268,270,0.2294156551361084
269,267,0.2005903571844101
269,270,0.21674209833145142
270,268,0.2294156551361084
270,269,0.21674209833145142
271,272,0.21630510687828064
271,273,0.20131653547286987
272,271,0.21630510687828064
272,274,0.23638491332530975
273,271,0.20131653547286987
273,274,0.2052554488182068
274,272,0.23638491332530975
274,273,0.2052554488182068
275,276,0.1562521904706955
275,277,0.24621038138866425
276,275,0.1562521904706955
276,278,0.22009772062301636
277,275,0.24621038138866425
277,278,0.2647739350795746
278,276,0.22009772062301636
278,277,0.2647739350795746
279,280,0.29684531688690186
279,281,0.2765984535217285
280,279,0.29684531688690186
280,282,0.21499976515769958
281,279,0.2765984535217285
281,282,0.29370439052581787
282,280,0.21499976515769958
282,281,0.29370439052581787
283,284,0.22474530339241028
283,285,0.29748135805130005
284,283,0.22474530339241028
284,286,0.24208660423755646
285,283,0.29748135805130005
285,286,0.23638878762722015
286,284,0.24208660423755646
286,285,0.23638878762722015
287,288,0.27618688344955444
287,289,0.41563430428504944
288,287,0.27618688344955444
288,290,0.34345003962516785
289,287,0.41563430428504944
289,290,0.38866981863975525
290,288,0.34345003962516785
290,289,0.38866981863975525
291,292,0.17714864015579224
291,293,0.2969006597995758
292,291,0.17714864015579224
292,294,0.20552735030651093
293,291,0.2969006597995758
293,294,0.27478089928627014
294,292,0.20552735030651093
294,293,0.27478089928627014
295,296,0.28710782527923584
295,297,0.25730258226394653
296,295,0.28710782527923584
296,298,0.2273183912038803
297,295,0.25730258226394653
297,298,0.1529952436685562
298,296,0.2273183912038803
298,297,0.1529952436685562
299,300,0.24412837624549866
299,301,0.14211609959602356
300,299,0.24412837624549866
300,302,0.15758080780506134
301,299,0.14211609959602356
301,302,0.2084987610578537
302,300,0.15758080780506134
302,301,0.2084987610578537
303,304,0.16199877858161926
303,305,0.32853734493255615
304,303,0.16199877858161926
304,306,0.17264407873153687
305,303,0.32853734493255615
305,306,0.36036941409111023
306,304,0.17264407873153687
306,305,0.36036941409111023
307,308,0.2617173492908478
307,309,0.20114240050315857
308,307,0.2617173492908478
308,310,0.2510042190551758
309,307,0.20114240050315857
309,310,0.200630784034729
310,308,0.2510042190551758
310,309,0.200630784034729
311,312,0.5065404176712036
311,313,0.17919182777404785
312,311,0.5065404176712036
312,314,0.6085938811302185
313,311,0.17919182777404785
313,314,0.26473164558410645
314,312,0.6085938811302185
314,313,0.26473164558410645
315,316,0.14499008655548096
315,317,0.13993340730667114
316,315,0.14499008655548096
316,318,0.21282505989074707
317,315,0.13993340730667114
317,318,0.23064687848091125
318,316,0.21282505989074707
318,317,0.23064687848091125
319,320,0.21499277651309967
319,321,0.19369706511497498
320,319,0.21499277651309967
320,322,0.21300968527793884
321,319,0.19369706511497498
321,322,0.19202136993408203
322,320,0.21300968527793884
322,321,0.19202136993408203
323,324,0.24210220575332642
323,325,0.3227834701538086
324,323,0.24210220575332642
324,326,0.16147872805595398
325,323,0.3227834701538086
325,326,0.27126461267471313
326,324,0.16147872805595398
326,325,0.27126461267471313
327,328,0.20084317028522491
327,329,0.2465861588716507
328,327,0.20084317028522491
328,330,0.2534961700439453
329,327,0.2465861588716507
329,330,0.27878516912460327
330,328,0.2534961700439453
330,329,0.27878516912460327
331,332,0.1831727921962738
331,333,0.11778672784566879
332,331,0.1831727921962738
332,334,0.3592023551464081
333,331,0.11778672784566879
333,334,0.33828550577163696
334,332,0.3592023551464081
334,333,0.33828550577163696
335,336,0.14362317323684692
335,337,0.16303057968616486
336,335,0.14362317323684692
336,338,0.11639867722988129
337,335,0.16303057968616486
337,338,0.25107476115226746
338,336,0.11639867722988129
338,337,0.25107476115226746
339,340,0.22679537534713745
339,341,0.2629886269569397
340,339,0.22679537534713745
340,342,0.2690163254737854
341,339,0.2629886269569397
341,342,0.2113519161939621
342,340,0.2690163254737854
342,341,0.2113519161939621
343,344,0.21233686804771423
343,345,0.2347266674041748
344,343,0.21233686804771423
344,346,0.2576525807380676
345,343,0.2347266674041748
345,346,0.2656002640724182
346,344,0.2576525807380676
346,345,0.2656002640724182
347,348,0.2506043314933777
347,349,0.2977640628814697
348,347,0.2506043314933777
348,350,0.14983873069286346
349,347,0.2977640628814697
349,350,0.27364879846572876
350,348,0.14983873069286346
350,349,0.27364879846572876
351,352,0.24556367099285126
351,353,0.21351811289787292
352,351,0.24556367099285126
352,354,0.22355493903160095
353,351,0.21351811289787292
353,354,0.19028203189373016
354,352,0.22355493903160095
354,353,0.19028203189373016
355,356,0.2462596297264099
355,357,0.2551925778388977
356,355,0.2462596297264099
356,358,0.2665497958660126
357,355,0.2551925778388977
357,358,0.2746184468269348
358,356,0.2665497958660126
358,357,0.2746184468269348
359,360,0.18742996454238892
359,361,0.19331446290016174
359,362,0.5455593466758728
360,359,0.18742996454238892
360,363,0.46297118067741394
361,359,0.19331446290016174
362,359,0.5455593466758728
362,363,0.48821938037872314
363,360,0.46297118067741394
363,362,0.48821938037872314
364,365,0.12058144807815552
364,366,0.17501391470432281
365,364,0.12058144807815552
365,367,0.16721265017986298
366,364,0.17501391470432281
366,367,0.18857626616954803
367,365,0.16721265017986298
367,366,0.18857626616954803
368,369,0.1698596030473709
368,370,0.19543054699897766
369,368,0.1698596030473709
369,371,0.20921513438224792
370,368,0.19543054699897766
370,371,0.2075141817331314
371,369,0.20921513438224792
371,370,0.2075141817331314
372,373,0.35071685910224915
372,374,0.1494922786951065
373,372,0.35071685910224915
373,375,0.25165262818336487
374,372,0.1494922786951065
374,375,0.274020254611969
375,373,0.25165262818336487
375,374,0.274020254611969
376,378,0.5229508280754089
377,379,0.2116548717021942
378,376,0.5229508280754089
378,379,0.21553555130958557
379,377,0.2116548717021942
379,378,0.21553555130958557
380,381,0.2200630009174347
380,382,0.20905902981758118
381,380,0.2200630009174347
381,383,0.31812983751296997
382,380,0.20905902981758118
382,383,0.27223044633865356
383,381,0.31812983751296997
383,382,0.27223044633865356
384,385,0.2381061613559723
384,386,0.18651820719242096
385,384,0.2381061613559723
385,387,0.25897496938705444
386,384,0.18651820719242096
386,387,0.29744812846183777
387,385,0.25897496938705444
387,386,0.29744812846183777
388,389,0.1530492603778839
388,390,0.14411500096321106
389,388,0.1530492603778839
389,391,0.26066815853118896
390,388,0.14411500096321106
390,391,0.2790796458721161
391,389,0.26066815853118896
391,390,0.2790796458721161
392,393,0.1657668799161911
392,394,0.1607140600681305
393,392,0.1657668799161911
393,395,0.13529223203659058
394,392,0.1607140600681305
394,395,0.20154382288455963
395,393,0.13529223203659058
395,394,0.20154382288455963
396,397,0.19980375468730927
396,398,0.21017485857009888
397,396,0.19980375468730927
397,399,0.1777801662683487
398,396,0.21017485857009888
398,399,0.20504485070705414
399,397,0.1777801662683487
399,398,0.20504485070705414
400,401,0.24622973799705505
400,402,0.2609059512615204
401,400,0.24622973799705505
401,403,0.23703546822071075
402,400,0.2609059512615204
402,403,0.18294823169708252
403,401,0.23703546822071075
403,402,0.18294823169708252
404,405,0.2371394783258438
404,406,0.21691511571407318
405,404,0.2371394783258438
405,407,0.19757966697216034
406,404,0.21691511571407318
406,407,0.1506274789571762
407,405,0.19757966697216034
407,406,0.1506274789571762
408,409,0.19463369250297546
408,410,0.2369081676006317
409,408,0.19463369250297546
409,411,0.2783809304237366
410,408,0.2369081676006317
410,411,0.22045548260211945
411,409,0.2783809304237366
411,410,0.22045548260211945
412,413,0.14954429864883423
412,414,0.1819920688867569
413,412,0.14954429864883423
413,415,0.22381892800331116
414,412,0.1819920688867569
414,415,0.2535521686077118
415,413,0.22381892800331116
415,414,0.2535521686077118
416,417,0.1849156767129898
416,418,0.20015902817249298
417,416,0.1849156767129898
417,419,0.17283406853675842
418,416,0.20015902817249298
418,419,0.1881958693265915
419,417,0.17283406853675842
419,418,0.1881958693265915
420,421,0.22296833992004395
420,422,0.3224436640739441
421,420,0.22296833992004395
421,423,0.17511382699012756
422,420,0.3224436640739441
422,423,0.2364267259836197
423,421,0.17511382699012756
423,422,0.2364267259836197
424,425,0.16364412009716034
424,426,0.1481909304857254
425,424,0.16364412009716034
425,427,0.17001371085643768
426,424,0.1481909304857254
426,427,0.2066686600446701
427,425,0.17001371085643768
427,426,0.2066686600446701
428,429,0.31325390934944153
428,430,0.16918738186359406
429,428,0.31325390934944153
429,431,0.28396332263946533
430,428,0.16918738186359406
430,431,0.1188238188624382
431,429,0.28396332263946533
431,430,0.1188238188624382
432,433,0.18920864164829254
432,434,0.2380174696445465
433,432,0.18920864164829254
433,435,0.21113106608390808
434,432,0.2380174696445465
434,435,0.25580689311027527
435,433,0.21113106608390808
435,434,0.25580689311027527
436,437,0.23560628294944763
436,438,0.21512269973754883
437,436,0.23560628294944763
437,439,0.31430137157440186
438,436,0.21512269973754883
438,439,0.34684494137763977
439,437,0.31430137157440186
439,438,0.34684494137763977
440,441,0.35831406712532043
440,442,0.27458369731903076
441,440,0.35831406712532043
441,443,0.28907284140586853
442,440,0.27458369731903076
442,443,0.33560308814048767
443,441,0.28907284140586853
443,442,0.33560308814048767
444,445,0.2121778130531311
444,446,0.25086212158203125
445,444,0.2121778130531311
445,447,0.1789766550064087
446,444,0.25086212158203125
446,447,0.24834325909614563
447,445,0.1789766550064087
447,446,0.24834325909614563
448,449,0.14160382747650146
448,450,0.2409118413925171
449,448,0.14160382747650146
449,451,0.30576425790786743
450,448,0.2409118413925171
450,451,0.16093918681144714
451,449,0.30576425790786743
451,450,0.16093918681144714
452,453,0.17426273226737976
452,454,0.2604212164878845
453,452,0.17426273226737976
453,455,0.27218449115753174
454,452,0.2604212164878845
454,455,0.2894844710826874
455,453,0.27218449115753174
455,454,0.2894844710826874
456,457,0.18022257089614868
456,458,0.2624322175979614
457,456,0.18022257089614868
457,459,0.24673110246658325
458,456,0.2624322175979614
458,459,0.27510812878608704
459,457,0.24673110246658325
459,458,0.27510812878608704
460,461,0.24488019943237305
460,462,0.2370363175868988
461,460,0.24488019943237305
461,463,0.26083385944366455
462,460,0.2370363175868988
462,463,0.17715132236480713
463,461,0.26083385944366455
463,462,0.17715132236480713
464,465,0.28700828552246094
464,466,0.18148650228977203
465,464,0.28700828552246094
465,467,0.34118419885635376
466,464,0.18148650228977203
466,467,0.25601860880851746
467,465,0.34118419885635376
467,466,0.25601860880851746
468,469,0.21828927099704742
468,470,0.4194674491882324
469,468,0.21828927099704742
469,471,0.24410416185855865
470,468,0.4194674491882324
470,471,0.2561914920806885
471,469,0.24410416185855865
471,470,0.2561914920806885
472,473,0.19291220605373383
472,474,0.30436041951179504
473,472,0.19291220605373383
473,475,0.1425967812538147
474,472,0.30436041951179504
474,475,0.2282325029373169
475,473,0.1425967812538147
475,474,0.2282325029373169
476,477,0.29104286432266235
476,478,0.26802003383636475
477,476,0.29104286432266235
477,479,0.3127932846546173
478,476,0.26802003383636475
478,479,0.3301876485347748
479,477,0.3127932846546173
479,478,0.3301876485347748
480,481,0.2554321885108948
480,482,0.33211851119995117
481,480,0.2554321885108948
481,483,0.38521504402160645
482,480,0.33211851119995117
482,483,0.42344218492507935
483,481,0.38521504402160645
483,482,0.42344218492507935
484,485,0.14156323671340942
484,486,0.1734524667263031
485,484,0.14156323671340942
485,487,0.1498592644929886
486,484,0.1734524667263031
486,487,0.16961483657360077
487,485,0.1498592644929886
487,486,0.16961483657360077
488,489,0.1716797649860382
488,490,0.1298186331987381
489,488,0.1716797649860382
489,491,0.27904921770095825
490,488,0.1298186331987381
490,491,0.2734154462814331
491,489,0.27904921770095825
491,490,0.2734154462814331
492,493,0.2312079817056656
492,494,0.20122958719730377
493,492,0.2312079817056656
493,495,0.23642179369926453
494,492,0.20122958719730377
494,495,0.1496751457452774
495,493,0.23642179369926453
495,494,0.1496751457452774
496,497,0.33620309829711914
496,498,0.23922713100910187
497,496,0.33620309829711914
497,499,0.2658260762691498
498,496,0.23922713100910187
498,499,0.2960165739059448
499,497,0.2658260762691498
499,498,0.2960165739059448
500,501,0.271638423204422
500,502,0.2536352574825287
501,500,0.271638423204422
501,503,0.2077217996120453
502,500,0.2536352574825287
502,503,0.21100956201553345
503,501,0.2077217996120453
503,502,0.21100956201553345
504,505,0.2016836702823639
504,506,0.2359243780374527
505,504,0.2016836702823639
505,507,0.2454630434513092
506,504,0.2359243780374527
506,507,0.18663740158081055
507,505,0.2454630434513092
507,506,0.18663740158081055
508,509,0.19410103559494019
508,510,0.16293084621429443
509,508,0.19410103559494019
509,511,0.21410100162029266
510,508,0.16293084621429443
510,511,0.15906822681427002
511,509,0.21410100162029266
511,510,0.15906822681427002
512,513,0.2414240837097168
512,514,0.2450137734413147
513,512,0.2414240837097168
513,515,0.28078407049179077
514,512,0.2450137734413147
514,515,0.2614264190196991
515,513,0.28078407049179077
515,514,0.2614264190196991
516,517,0.2249487042427063
516,518,0.34564557671546936
517,516,0.2249487042427063
517,519,0.2573401927947998
518,516,0.34564557671546936
518,519,0.27814826369285583
519,517,0.2573401927947998
519,518,0.27814826369285583
520,521,0.208274707198143
520,522,0.2253420054912567
521,520,0.208274707198143
521,523,0.26452603936195374
522,520,0.2253420054912567
522,523,0.34334370493888855
523,521,0.26452603936195374
523,522,0.34334370493888855
524,525,0.3940964639186859
524,526,0.38899531960487366
525,524,0.3940964639186859
525,527,0.22791169583797455
526,524,0.38899531960487366
526,527,0.19911175966262817
527,525,0.22791169583797455
527,526,0.19911175966262817
528,529,0.22903330624103546
528,530,0.232890322804451
529,528,0.22903330624103546
529,531,0.31254860758781433
530,528,0.232890322804451
530,531,0.16511619091033936
531,529,0.31254860758781433
531,530,0.16511619091033936
532,533,0.1983388066291809
532,534,0.15116198360919952
533,532,0.1983388066291809
533,535,0.17343783378601074
534,532,0.15116198360919952
534,535,0.19471475481987
535,533,0.17343783378601074
535,534,0.19471475481987
536,537,0.17083996534347534
536,538,0.12262345105409622
537,536,0.17083996534347534
537,539,0.17609573900699615
538,536,0.12262345105409622
538,539,0.14140722155570984
539,537,0.17609573900699615
539,538,0.14140722155570984
540,541,0.15215328335762024
540,542,0.17576348781585693
541,540,0.15215328335762024
541,543,0.685745894908905
541,544,0.6725248694419861
542,540,0.17576348781585693
542,544,0.6175987720489502
543,541,0.685745894908905
544,541,0.6725248694419861
544,542,0.6175987720489502
