Region ID,Adjacent Region ID,Similarity
1,2,0.1603395640850067
1,3,0.1572168618440628
2,1,0.1603395640850067
2,4,0.1856120526790619
3,1,0.1572168618440628
3,4,0.19846057891845703
4,2,0.1856120526790619
4,3,0.19846057891845703
5,6,0.2811945080757141
5,7,0.2720256447792053
6,5,0.2811945080757141
6,8,0.2278074324131012
7,5,0.2720256447792053
7,8,0.17631502449512482
8,6,0.2278074324131012
8,7,0.17631502449512482
9,10,0.171920508146286
9,11,0.19991937279701233
10,9,0.171920508146286
10,12,0.14330905675888062
11,9,0.19991937279701233
11,12,0.2246231883764267
12,10,0.14330905675888062
12,11,0.2246231883764267
13,14,0.17818616330623627
13,15,0.1750638484954834
14,13,0.17818616330623627
14,16,0.18242380023002625
15,13,0.1750638484954834
15,16,0.12861520051956177
16,14,0.18242380023002625
16,15,0.12861520051956177
17,18,0.21106886863708496
17,19,0.15872061252593994
18,17,0.21106886863708496
18,20,0.14532379806041718
19,17,0.15872061252593994
19,20,0.21559059619903564
20,18,0.14532379806041718
20,19,0.21559059619903564
21,22,0.19644054770469666
21,23,0.20540264248847961
22,21,0.19644054770469666
22,24,0.23021338880062103
23,21,0.20540264248847961
23,24,0.2310582846403122
24,22,0.23021338880062103
24,23,0.2310582846403122
25,26,0.17032697796821594
25,27,0.18817824125289917
26,25,0.17032697796821594
26,28,0.1814723014831543
27,25,0.18817824125289917
27,28,0.21272224187850952
28,26,0.1814723014831543
28,27,0.21272224187850952
29,30,0.3003489673137665
29,31,0.1280839443206787
30,29,0.3003489673137665
30,32,0.3105572462081909
31,29,0.1280839443206787
31,32,0.14011965692043304
32,30,0.3105572462081909
32,31,0.14011965692043304
33,34,0.302761435508728
33,35,0.3194327652454376
34,33,0.302761435508728
34,36,0.34513744711875916
35,33,0.3194327652454376
35,36,0.2894422709941864
36,34,0.34513744711875916
36,35,0.2894422709941864
37,38,0.22524668276309967
37,39,0.2208898514509201
38,37,0.22524668276309967
38,40,0.21342840790748596
39,37,0.2208898514509201
39,40,0.21431438624858856
40,38,0.21342840790748596
40,39,0.21431438624858856
41,42,0.2730931341648102
41,43,0.23566745221614838
42,41,0.2730931341648102
42,44,0.24677598476409912
43,41,0.23566745221614838
43,44,0.29238706827163696
44,42,0.24677598476409912
44,43,0.29238706827163696
45,46,0.2580524682998657
45,47,0.27675050497055054
46,45,0.2580524682998657
46,48,0.20850469172000885
47,45,0.27675050497055054
47,48,0.20647510886192322
48,46,0.20850469172000885
48,47,0.20647510886192322
49,50,0.1817532628774643
49,51,0.3145395815372467
50,49,0.1817532628774643
50,52,0.24702239036560059
51,49,0.3145395815372467
51,52,0.21641351282596588
52,50,0.24702239036560059
52,51,0.21641351282596588
53,54,0.14279542863368988
53,55,0.17707568407058716
54,53,0.14279542863368988
54,56,0.20568735897541046
55,53,0.17707568407058716
55,56,0.2547711730003357
56,54,0.20568735897541046
56,55,0.2547711730003357
57,58,0.2216562032699585
57,59,0.1982821673154831
58,57,0.2216562032699585
58,60,0.19597014784812927
59,57,0.1982821673154831
59,60,0.16263994574546814
60,58,0.19597014784812927
60,59,0.16263994574546814
61,62,0.19601312279701233
61,63,0.20075133442878723
62,61,0.19601312279701233
62,64,0.17055240273475647
63,61,0.20075133442878723
63,64,0.18915553390979767
64,62,0.17055240273475647
64,63,0.18915553390979767
65,66,0.142440527677536
65,67,0.2030237764120102
66,65,0.142440527677536
66,68,0.1460336595773697
67,65,0.2030237764120102
67,68,0.2233637124300003
68,66,0.1460336595773697
68,67,0.2233637124300003
69,70,0.2108658105134964
69,71,0.23916523158550262
70,69,0.2108658105134964
70,72,0.18147370219230652
71,69,0.23916523158550262
71,72,0.2246413379907608
72,70,0.18147370219230652
72,71,0.2246413379907608
73,74,0.1992078572511673
73,75,0.17719826102256775
74,73,0.1992078572511673
74,76,0.2742336392402649
75,73,0.17719826102256775
75,76,0.24892400205135345
76,74,0.2742336392402649
76,75,0.24892400205135345
77,78,0.2527022957801819
77,79,0.21118129789829254
78,77,0.2527022957801819
78,80,0.18379297852516174
79,77,0.21118129789829254
79,80,0.16056102514266968
80,78,0.18379297852516174
80,79,0.16056102514266968
81,82,0.21525178849697113
81,83,0.20708702504634857
82,81,0.21525178849697113
82,84,0.125732421875
83,81,0.20708702504634857
83,84,0.1542508602142334
84,82,0.125732421875
84,83,0.1542508602142334
85,86,0.20017285645008087
85,87,0.2416103035211563
86,85,0.20017285645008087
86,88,0.19224978983402252
87,85,0.2416103035211563
87,88,0.2639869153499603
88,86,0.19224978983402252
88,87,0.2639869153499603
89,90,0.243130162358284
89,91,0.23440223932266235
90,89,0.243130162358284
90,92,0.24333317577838898
91,89,0.23440223932266235
91,92,0.2870432734489441
92,90,0.24333317577838898
92,91,0.2870432734489441
93,94,0.21186164021492004
93,95,0.3908756971359253
94,93,0.21186164021492004
94,96,0.22088879346847534
95,93,0.3908756971359253
95,96,0.4358915388584137
96,94,0.22088879346847534
96,95,0.4358915388584137
97,98,0.1277664601802826
97,99,0.18406011164188385
98,97,0.1277664601802826
98,100,0.16471311450004578
99,97,0.18406011164188385
99,100,0.17447032034397125
100,98,0.16471311450004578
100,99,0.17447032034397125
101,102,0.2292994260787964
101,103,0.1967972368001938
102,101,0.2292994260787964
102,104,0.21739672124385834
103,101,0.1967972368001938
103,104,0.24302080273628235
104,102,0.21739672124385834
104,103,0.24302080273628235
105,106,0.13762158155441284
105,107,0.18517626821994781
106,105,0.13762158155441284
106,108,0.1334458738565445
107,105,0.18517626821994781
107,108,0.22860540449619293
108,106,0.1334458738565445
108,107,0.22860540449619293
109,110,0.232618510723114
109,111,0.2655056118965149
110,109,0.232618510723114
110,112,0.22621385753154755
111,109,0.2655056118965149
111,112,0.2875872850418091
112,110,0.22621385753154755
112,111,0.2875872850418091
113,114,0.18906736373901367
113,115,0.18849192559719086
114,113,0.18906736373901367
114,116,0.23268981277942657
115,113,0.18849192559719086
115,116,0.1942872554063797
116,114,0.23268981277942657
116,115,0.1942872554063797
117,118,0.2294905036687851
117,119,0.18099193274974823
118,117,0.2294905036687851
118,120,0.22161386907100677
119,117,0.18099193274974823
119,120,0.2701447010040283
120,118,0.22161386907100677
120,119,0.2701447010040283
121,122,0.1299576461315155
121,123,0.1574118435382843
122,121,0.1299576461315155
122,124,0.21125224232673645
123,121,0.1574118435382843
123,124,0.20196770131587982
124,122,0.21125224232673645
124,123,0.20196770131587982
125,126,0.1724380999803543
125,127,0.34606310725212097
126,125,0.1724380999803543
126,128,0.20830655097961426
127,125,0.34606310725212097
127,128,0.3467823266983032
128,126,0.20830655097961426
128,127,0.3467823266983032
129,130,0.1846424639225006
129,131,0.18392951786518097
130,129,0.1846424639225006
130,132,0.15801556408405304
131,129,0.18392951786518097
131,132,0.24360685050487518
132,130,0.15801556408405304
132,131,0.24360685050487518
133,134,0.25662004947662354
133,135,0.33278536796569824
134,133,0.25662004947662354
134,136,0.2259586751461029
135,133,0.33278536796569824
135,136,0.21162459254264832
136,134,0.2259586751461029
136,135,0.21162459254264832
137,138,0.18138208985328674
137,139,0.2330048382282257
138,137,0.18138208985328674
138,140,0.23620262742042542
139,137,0.2330048382282257
139,140,0.21540945768356323
140,138,0.23620262742042542
140,139,0.21540945768356323
141,142,0.311821848154068
141,143,0.29576319456100464
142,141,0.311821848154068
142,144,0.31265395879745483
143,141,0.29576319456100464
143,144,0.3259940445423126
144,142,0.31265395879745483
144,143,0.3259940445423126
145,146,0.17936216294765472
145,147,0.22952353954315186
146,145,0.17936216294765472
146,148,0.1627974510192871
147,145,0.22952353954315186
147,148,0.23050348460674286
148,146,0.1627974510192871
148,147,0.23050348460674286
149,150,0.2030903548002243
149,151,0.2165961116552353
150,149,0.2030903548002243
150,152,0.12870320677757263
151,149,0.2165961116552353
151,152,0.22143632173538208
152,150,0.12870320677757263
152,151,0.22143632173538208
153,154,0.23062272369861603
153,155,0.23711653053760529
154,153,0.23062272369861603
154,156,0.18662314116954803
155,153,0.23711653053760529
155,156,0.1915901005268097
156,154,0.18662314116954803
156,155,0.1915901005268097
157,158,0.22405590116977692
157,159,0.20988139510154724
158,157,0.22405590116977692
158,160,0.1815449297428131
159,157,0.20988139510154724
159,160,0.17473870515823364
160,158,0.1815449297428131
160,159,0.17473870515823364
161,162,0.1951548159122467
161,163,0.24411672353744507
162,161,0.1951548159122467
162,164,0.13743779063224792
163,161,0.24411672353744507
163,164,0.12611757218837738
164,162,0.13743779063224792
164,163,0.12611757218837738
165,166,0.22044825553894043
165,167,0.1992325782775879
166,165,0.22044825553894043
166,168,0.20478832721710205
167,165,0.1992325782775879
167,168,0.2051694542169571
168,166,0.20478832721710205
168,167,0.2051694542169571
169,170,0.2366480529308319
169,171,0.34458330273628235
170,169,0.2366480529308319
170,172,0.16416089236736298
171,169,0.34458330273628235
171,172,0.3484189808368683
172,170,0.16416089236736298
172,171,0.3484189808368683
173,174,0.5294344425201416
173,175,0.2678185999393463
174,173,0.5294344425201416
174,176,0.44909366965293884
175,173,0.2678185999393463
175,176,0.16113440692424774
176,174,0.44909366965293884
176,175,0.16113440692424774
177,178,0.27897852659225464
177,179,0.19034825265407562
178,177,0.27897852659225464
178,180,0.23952911794185638
179,177,0.19034825265407562
179,180,0.26269617676734924
180,178,0.23952911794185638
180,179,0.26269617676734924
181,182,0.2219817340373993
181,183,0.18772771954536438
182,181,0.2219817340373993
182,184,0.20960380136966705
183,181,0.18772771954536438
183,184,0.25852900743484497
184,182,0.20960380136966705
184,183,0.25852900743484497
185,186,0.286211758852005
185,187,0.2774483561515808
186,185,0.286211758852005
186,188,0.3104592263698578
187,185,0.2774483561515808
187,188,0.24074019491672516
188,186,0.3104592263698578
188,187,0.24074019491672516
189,190,0.19735655188560486
189,191,0.16666138172149658
190,189,0.19735655188560486
190,192,0.2215605527162552
191,189,0.16666138172149658
191,192,0.19667625427246094
192,190,0.2215605527162552
192,191,0.19667625427246094
193,195,0.19888539612293243
193,196,0.22894452512264252
194,195,0.39044731855392456
195,193,0.19888539612293243
195,194,0.39044731855392456
195,197,0.18024584650993347
196,193,0.22894452512264252
196,197,0.23128607869148254
197,195,0.18024584650993347
197,196,0.23128607869148254
198,199,0.17993690073490143
198,200,0.26916372776031494
199,198,0.17993690073490143
199,201,0.3039206266403198
200,198,0.26916372776031494
200,201,0.23703643679618835
201,199,0.3039206266403198
201,200,0.23703643679618835
202,203,0.2329535037279129
202,204,0.21480832993984222
203,202,0.2329535037279129
203,205,0.17328275740146637
204,202,0.21480832993984222
204,205,0.2540550231933594
205,203,0.17328275740146637
205,204,0.2540550231933594
206,208,0.7532522082328796
207,209,0.3659226596355438
208,206,0.7532522082328796
208,209,0.3074251413345337
209,207,0.3659226596355438
209,208,0.3074251413345337
210,211,0.22161391377449036
210,212,0.24600449204444885
211,210,0.22161391377449036
211,213,0.2093672901391983
212,210,0.24600449204444885
212,213,0.2875730097293854
213,211,0.2093672901391983
213,212,0.2875730097293854
214,216,0.3553161025047302
214,217,0.3137422800064087
215,216,0.8036245703697205
216,214,0.3553161025047302
216,215,0.8036245703697205
216,218,0.22642318904399872
217,214,0.3137422800064087
217,218,0.1407267153263092
218,216,0.22642318904399872
218,217,0.1407267153263092
219,220,0.3243899643421173
219,221,0.20998069643974304
220,219,0.3243899643421173
220,222,0.3079369366168976
221,219,0.20998069643974304
221,222,0.1992185264825821
222,220,0.3079369366168976
222,221,0.1992185264825821
223,224,0.2101917713880539
223,225,0.3044370114803314
224,223,0.2101917713880539
224,226,0.3193839192390442
225,223,0.3044370114803314
225,226,0.2549830675125122
226,224,0.3193839192390442
226,225,0.2549830675125122
227,228,0.5600735545158386
227,229,0.5893795490264893
228,227,0.5600735545158386
228,230,0.1548507809638977
229,227,0.5893795490264893
229,230,0.13398078083992004
230,228,0.1548507809638977
230,229,0.13398078083992004
231,232,0.21495987474918365
231,233,0.26561903953552246
232,231,0.21495987474918365
232,234,0.23302698135375977
233,231,0.26561903953552246
233,234,0.2842595875263214
234,232,0.23302698135375977
234,233,0.2842595875263214
235,236,0.18598562479019165
235,237,0.1489744782447815
236,235,0.18598562479019165
236,238,0.2483704835176468
237,235,0.1489744782447815
237,238,0.30245211720466614
238,236,0.2483704835176468
238,237,0.30245211720466614
239,240,0.19146817922592163
239,241,0.23267650604248047
240,239,0.19146817922592163
240,242,0.21109968423843384
241,239,0.23267650604248047
241,242,0.3146119713783264
242,240,0.21109968423843384
242,241,0.3146119713783264
243,244,0.16400550305843353
243,245,0.19953155517578125
244,243,0.16400550305843353
244,246,0.1532009243965149
245,243,0.19953155517578125
245,246,0.19066399335861206
246,244,0.1532009243965149
246,245,0.19066399335861206
247,248,0.519123375415802
247,249,0.5755027532577515
248,247,0.519123375415802
248,250,0.17210780084133148
249,247,0.5755027532577515
249,250,0.18784141540527344
250,248,0.17210780084133148
250,249,0.18784141540527344
251,254,0.23132550716400146
252,254,0.3478223979473114
253,254,0.5922232866287231
254,251,0.23132550716400146
254,252,0.3478223979473114
254,253,0.5922232866287231
255,256,0.3172018527984619
255,257,0.3796840012073517
256,255,0.3172018527984619
256,258,0.26080453395843506
257,255,0.3796840012073517
257,258,0.348663866519928
258,256,0.26080453395843506
258,257,0.348663866519928
259,260,0.26906728744506836
259,261,0.17252473533153534
260,259,0.26906728744506836
260,262,0.2317405641078949
261,259,0.17252473533153534
261,262,0.1745755821466446
262,260,0.2317405641078949
262,261,0.1745755821466446
263,264,0.2799232006072998
263,265,0.18021513521671295
264,263,0.2799232006072998
264,266,0.31360378861427307
265,263,0.18021513521671295
265,266,0.25307950377464294
266,264,0.31360378861427307
266,265,0.25307950377464294
267,268,0.22643345594406128
267,269,0.17402857542037964
268,267,0.22643345594406128
268,270,0.1904594600200653
269,267,0.17402857542037964
269,270,0.2588111162185669
270,268,0.1904594600200653
270,269,0.2588111162185669
271,272,0.22760267555713654
271,273,0.194541335105896
272,271,0.22760267555713654
272,274,0.29441559314727783
273,271,0.194541335105896
273,274,0.29295530915260315
274,272,0.29441559314727783
274,273,0.29295530915260315
275,276,0.22341087460517883
275,277,0.19726626574993134
276,275,0.22341087460517883
276,278,0.23897582292556763
277,275,0.19726626574993134
277,278,0.2629186809062958
278,276,0.23897582292556763
278,277,0.2629186809062958
279,280,0.33425799012184143
279,282,0.8678044676780701
280,279,0.33425799012184143
280,284,0.2815486788749695
281,284,0.8624246120452881
282,279,0.8678044676780701
282,284,0.8355980515480042
283,284,0.8397681713104248
284,280,0.2815486788749695
284,281,0.8624246120452881
284,282,0.8355980515480042
284,283,0.8397681713104248
285,286,0.17929203808307648
285,287,0.2525739073753357
286,285,0.17929203808307648
286,288,0.2578835189342499
287,285,0.2525739073753357
287,288,0.20926731824874878
288,286,0.2578835189342499
288,287,0.20926731824874878
289,290,0.33720478415489197
289,291,0.32034897804260254
290,289,0.33720478415489197
290,292,0.23070108890533447
291,289,0.32034897804260254
291,292,0.1930520087480545
292,290,0.23070108890533447
292,291,0.1930520087480545
293,294,0.2921255826950073
293,295,0.2612965703010559
294,293,0.2921255826950073
294,296,0.31766894459724426
295,293,0.2612965703010559
295,296,0.17757567763328552
296,294,0.31766894459724426
296,295,0.17757567763328552
297,298,0.18876701593399048
297,299,0.16664452850818634
298,297,0.18876701593399048
298,300,0.20188046991825104
299,297,0.16664452850818634
299,300,0.19660551846027374
300,298,0.20188046991825104
300,299,0.19660551846027374
301,302,0.14047735929489136
301,303,0.30067574977874756
302,301,0.14047735929489136
302,304,0.17526932060718536
303,301,0.30067574977874756
303,304,0.3270820379257202
304,302,0.17526932060718536
304,303,0.3270820379257202
305,306,0.264344722032547
305,307,0.26008814573287964
306,305,0.264344722032547
306,308,0.21723772585391998
307,305,0.26008814573287964
307,308,0.2244500368833542
308,306,0.21723772585391998
308,307,0.2244500368833542
309,310,0.19763095676898956
309,311,0.2724784016609192
310,309,0.19763095676898956
310,312,0.14232617616653442
311,309,0.2724784016609192
311,312,0.243652805685997
312,310,0.14232617616653442
312,311,0.243652805685997
313,314,0.21543638408184052
313,315,0.21999597549438477
314,313,0.21543638408184052
314,316,0.20667636394500732
315,313,0.21999597549438477
315,316,0.20645448565483093
316,314,0.20667636394500732
316,315,0.20645448565483093
317,318,0.21303625404834747
317,319,0.2170051634311676
318,317,0.21303625404834747
318,320,0.12354298681020737
319,317,0.2170051634311676
319,320,0.25351637601852417
320,318,0.12354298681020737
320,319,0.25351637601852417
321,322,0.31057965755462646
321,323,0.19591593742370605
322,321,0.31057965755462646
322,324,0.3426738381385803
323,321,0.19591593742370605
323,324,0.1682102233171463
324,322,0.3426738381385803
324,323,0.1682102233171463
325,326,0.20831355452537537
325,327,0.20403823256492615
326,325,0.20831355452537537
326,328,0.18489643931388855
327,325,0.20403823256492615
327,328,0.25756093859672546
328,326,0.18489643931388855
328,327,0.25756093859672546
329,330,0.18504665791988373
329,331,0.18559685349464417
330,329,0.18504665791988373
330,332,0.18455016613006592
331,329,0.18559685349464417
331,332,0.1428312361240387
332,330,0.18455016613006592
332,331,0.1428312361240387
333,334,0.3898182213306427
333,335,0.2401585876941681
334,333,0.3898182213306427
334,336,0.42427968978881836
335,333,0.2401585876941681
335,336,0.2775382399559021
336,334,0.42427968978881836
336,335,0.2775382399559021
337,338,0.26782339811325073
337,339,0.20901185274124146
338,337,0.26782339811325073
338,340,0.1934220939874649
339,337,0.20901185274124146
339,340,0.2467409372329712
340,338,0.1934220939874649
340,339,0.2467409372329712
341,342,0.2569817006587982
341,343,0.19863393902778625
342,341,0.2569817006587982
342,344,0.2603422999382019
343,341,0.19863393902778625
343,344,0.18775781989097595
344,342,0.2603422999382019
344,343,0.18775781989097595
345,346,0.23125998675823212
345,347,0.23840990662574768
346,345,0.23125998675823212
346,348,0.21954168379306793
347,345,0.23840990662574768
347,348,0.275470495223999
348,346,0.21954168379306793
348,347,0.275470495223999
349,350,0.25382480025291443
349,351,0.21551156044006348
350,349,0.25382480025291443
350,352,0.39588773250579834
351,349,0.21551156044006348
351,352,0.3533521294593811
352,350,0.39588773250579834
352,351,0.3533521294593811
353,354,0.19857296347618103
353,355,0.2463877946138382
354,353,0.19857296347618103
354,356,0.14336393773555756
355,353,0.2463877946138382
355,356,0.2756847143173218
356,354,0.14336393773555756
356,355,0.2756847143173218
357,358,0.19643239676952362
357,359,0.19532223045825958
358,357,0.19643239676952362
358,360,0.20896244049072266
359,357,0.19532223045825958
359,360,0.2599342465400696
360,358,0.20896244049072266
360,359,0.2599342465400696
361,362,0.25423142313957214
361,363,0.13626226782798767
362,361,0.25423142313957214
362,364,0.32450440526008606
363,361,0.13626226782798767
363,364,0.30459925532341003
364,362,0.32450440526008606
364,363,0.30459925532341003
365,366,0.2309439778327942
365,367,0.23494268953800201
366,365,0.2309439778327942
366,368,0.2324233055114746
367,365,0.23494268953800201
367,368,0.25547292828559875
368,366,0.2324233055114746
368,367,0.25547292828559875
369,370,0.3052903711795807
369,371,0.26195666193962097
370,369,0.3052903711795807
370,372,0.2561953365802765
371,369,0.26195666193962097
371,372,0.2183651328086853
372,370,0.2561953365802765
372,371,0.2183651328086853
373,374,0.5323440432548523
373,375,0.5270593166351318
374,373,0.5323440432548523
374,376,0.3073353171348572
375,373,0.5270593166351318
375,376,0.20432505011558533
376,374,0.3073353171348572
376,375,0.20432505011558533
377,378,0.2582738697528839
377,379,0.2524254322052002
378,377,0.2582738697528839
378,380,0.1617037057876587
379,377,0.2524254322052002
379,380,0.21005722880363464
380,378,0.1617037057876587
380,379,0.21005722880363464
381,382,0.21207870543003082
381,383,0.3182980418205261
382,381,0.21207870543003082
382,384,0.20182690024375916
383,381,0.3182980418205261
383,384,0.2546606957912445
384,382,0.20182690024375916
384,383,0.2546606957912445
385,386,0.19727061688899994
385,387,0.19499723613262177
386,385,0.19727061688899994
386,388,0.24788087606430054
387,385,0.19499723613262177
387,388,0.20571428537368774
388,386,0.24788087606430054
388,387,0.20571428537368774
389,390,0.5109802484512329
389,391,0.5999691486358643
390,389,0.5109802484512329
390,392,0.2160973846912384
391,389,0.5999691486358643
391,392,0.3408041000366211
392,390,0.2160973846912384
392,391,0.3408041000366211
393,394,0.1953675001859665
393,395,0.18478253483772278
394,393,0.1953675001859665
394,396,0.20579485595226288
395,393,0.18478253483772278
395,396,0.2559508681297302
396,394,0.20579485595226288
396,395,0.2559508681297302
397,398,0.15325140953063965
397,399,0.3027237057685852
398,397,0.15325140953063965
398,400,0.24909484386444092
399,397,0.3027237057685852
399,400,0.33062130212783813
400,398,0.24909484386444092
400,399,0.33062130212783813
401,402,0.2504848837852478
401,403,0.2029830664396286
402,401,0.2504848837852478
402,404,0.20604799687862396
403,401,0.2029830664396286
403,404,0.19197975099086761
404,402,0.20604799687862396
404,403,0.19197975099086761
405,406,0.3872135579586029
405,407,0.2586688995361328
406,405,0.3872135579586029
406,408,0.4099138677120209
407,405,0.2586688995361328
407,408,0.218327134847641
408,406,0.4099138677120209
408,407,0.218327134847641
409,410,0.2059316635131836
409,411,0.21519331634044647
410,409,0.2059316635131836
410,412,0.2759301960468292
411,409,0.21519331634044647
411,412,0.3707239031791687
412,410,0.2759301960468292
412,411,0.3707239031791687
413,414,0.4609223008155823
413,415,0.2196863293647766
414,413,0.4609223008155823
414,416,0.4399423599243164
415,413,0.2196863293647766
415,416,0.2625729739665985
416,414,0.4399423599243164
416,415,0.2625729739665985
417,418,0.2973470389842987
417,419,0.1966308355331421
418,417,0.2973470389842987
418,420,0.32951444387435913
419,417,0.1966308355331421
419,420,0.21933090686798096
420,418,0.32951444387435913
420,419,0.21933090686798096
421,422,0.2618348002433777
421,423,0.33088430762290955
422,421,0.2618348002433777
422,424,0.21777713298797607
423,421,0.33088430762290955
423,424,0.233330637216568
424,422,0.21777713298797607
424,423,0.233330637216568
425,426,0.20851711928844452
425,427,0.18800053000450134
426,425,0.20851711928844452
426,428,0.2987947165966034
427,425,0.18800053000450134
427,428,0.33178937435150146
428,426,0.2987947165966034
428,427,0.33178937435150146
429,430,0.12711265683174133
429,431,0.15491241216659546
430,429,0.12711265683174133
430,432,0.42194676399230957
431,429,0.15491241216659546
431,432,0.5242626070976257
432,430,0.42194676399230957
432,431,0.5242626070976257
433,434,0.1579940915107727
433,435,0.2060387283563614
434,433,0.1579940915107727
434,436,0.2119942158460617
435,433,0.2060387283563614
435,436,0.24541953206062317
436,434,0.2119942158460617
436,435,0.24541953206062317
437,438,0.21991603076457977
437,439,0.22322747111320496
438,437,0.21991603076457977
438,440,0.350518137216568
439,437,0.22322747111320496
439,440,0.2826693654060364
440,438,0.350518137216568
440,439,0.2826693654060364
441,442,0.20064912736415863
441,443,0.3391922116279602
442,441,0.20064912736415863
442,444,0.26755571365356445
443,441,0.3391922116279602
443,444,0.27001744508743286
444,442,0.26755571365356445
444,443,0.27001744508743286
445,447,0.2455713003873825
445,448,0.23103588819503784
446,448,0.7085950374603271
447,445,0.2455713003873825
447,449,0.20713138580322266
448,445,0.23103588819503784
448,446,0.7085950374603271
448,449,0.20998327434062958
449,447,0.20713138580322266
449,448,0.20998327434062958
450,451,0.17111167311668396
450,452,0.21310871839523315
451,450,0.17111167311668396
451,453,0.15654504299163818
452,450,0.21310871839523315
452,453,0.1717568188905716
453,451,0.15654504299163818
453,452,0.1717568188905716
454,455,0.22108930349349976
454,456,0.1906719207763672
455,454,0.22108930349349976
455,457,0.2409827709197998
456,454,0.1906719207763672
456,457,0.16234807670116425
457,455,0.2409827709197998
457,456,0.16234807670116425
458,459,0.2856670916080475
458,460,0.2940986156463623
459,458,0.2856670916080475
459,461,0.17587140202522278
460,458,0.2940986156463623
460,461,0.1696055829524994
461,459,0.17587140202522278
461,460,0.1696055829524994
462,463,0.21523986756801605
462,464,0.274990975856781
463,462,0.21523986756801605
463,465,0.27630919218063354
464,462,0.274990975856781
464,465,0.29394543170928955
465,463,0.27630919218063354
465,464,0.29394543170928955
466,467,0.19123205542564392
466,468,0.2152375876903534
467,466,0.19123205542564392
467,469,0.1999666690826416
468,466,0.2152375876903534
468,469,0.24714283645153046
469,467,0.1999666690826416
469,468,0.24714283645153046
470,471,0.27274343371391296
470,472,0.1979101151227951
471,470,0.27274343371391296
471,473,0.22308427095413208
472,470,0.1979101151227951
472,473,0.19776421785354614
473,471,0.22308427095413208
473,472,0.19776421785354614
474,475,0.1393921822309494
474,476,0.17717766761779785
475,474,0.1393921822309494
475,477,0.15953828394412994
476,474,0.17717766761779785
476,477,0.1846347451210022
477,475,0.15953828394412994
477,476,0.1846347451210022
478,479,0.6554375886917114
478,480,0.19641715288162231
479,478,0.6554375886917114
479,481,0.6171905994415283
480,478,0.19641715288162231
480,481,0.20040716230869293
481,479,0.6171905994415283
481,480,0.20040716230869293
482,483,0.27340468764305115
482,484,0.22092457115650177
483,482,0.27340468764305115
483,485,0.26170098781585693
484,482,0.22092457115650177
484,485,0.20646798610687256
485,483,0.26170098781585693
485,484,0.20646798610687256
486,487,0.684532642364502
486,488,0.35566702485084534
486,489,0.3349515199661255
487,486,0.684532642364502
488,486,0.35566702485084534
488,490,0.274267315864563
489,486,0.3349515199661255
489,490,0.24363738298416138
490,488,0.274267315864563
490,489,0.24363738298416138
491,492,0.22015486657619476
491,493,0.2858673930168152
492,491,0.22015486657619476
492,494,0.21470944583415985
493,491,0.2858673930168152
493,494,0.24964308738708496
494,492,0.21470944583415985
494,493,0.24964308738708496
495,496,0.33523502945899963
495,497,0.427377849817276
496,495,0.33523502945899963
496,498,0.2864067852497101
497,495,0.427377849817276
497,498,0.37653663754463196
498,496,0.2864067852497101
498,497,0.37653663754463196
499,500,0.1941927671432495
499,501,0.25897738337516785
500,499,0.1941927671432495
500,502,0.1761842966079712
501,499,0.25897738337516785
501,502,0.22621901333332062
502,500,0.1761842966079712
502,501,0.22621901333332062
503,504,0.17521274089813232
503,505,0.18175151944160461
504,503,0.17521274089813232
504,506,0.17669059336185455
505,503,0.18175151944160461
505,506,0.17372840642929077
506,504,0.17669059336185455
506,505,0.17372840642929077
507,508,0.24073748290538788
507,509,0.2464626133441925
508,507,0.24073748290538788
508,510,0.12747421860694885
509,507,0.2464626133441925
509,510,0.20187260210514069
510,508,0.12747421860694885
510,509,0.20187260210514069
511,512,0.20052406191825867
511,513,0.18733522295951843
512,511,0.20052406191825867
512,514,0.214840829372406
513,511,0.18733522295951843
513,514,0.1623995155096054
514,512,0.214840829372406
514,513,0.1623995155096054
515,516,0.2721712291240692
515,517,0.24314220249652863
516,515,0.2721712291240692
516,518,0.2524619698524475
517,515,0.24314220249652863
517,518,0.18121255934238434
518,516,0.2524619698524475
518,517,0.18121255934238434
519,520,0.32304272055625916
519,521,0.343453586101532
520,519,0.32304272055625916
520,522,0.16403602063655853
521,519,0.343453586101532
521,522,0.16554822027683258
522,520,0.16403602063655853
522,521,0.16554822027683258
523,524,0.14990907907485962
523,525,0.14479465782642365
524,523,0.14990907907485962
524,526,0.1972198486328125
525,523,0.14479465782642365
525,526,0.19669246673583984
526,524,0.1972198486328125
526,525,0.19669246673583984
527,528,0.16082854568958282
527,529,0.1727389395236969
528,527,0.16082854568958282
528,530,0.15727436542510986
529,527,0.1727389395236969
529,530,0.1880514919757843
530,528,0.15727436542510986
530,529,0.1880514919757843
531,532,0.23017019033432007
531,533,0.20325791835784912
532,531,0.23017019033432007
532,534,0.2954729199409485
533,531,0.20325791835784912
533,534,0.3124558925628662
534,532,0.2954729199409485
534,533,0.3124558925628662
535,536,0.2359492927789688
535,537,0.2668430209159851
536,535,0.2359492927789688
536,538,0.18850867450237274
537,535,0.2668430209159851
537,538,0.2276761531829834
538,536,0.18850867450237274
538,537,0.2276761531829834
539,540,0.13499978184700012
539,541,0.20779098570346832
540,539,0.13499978184700012
540,542,0.18034575879573822
541,539,0.20779098570346832
541,542,0.16372103989124298
542,540,0.18034575879573822
542,541,0.16372103989124298
543,544,0.14845125377178192
543,545,0.27881181240081787
544,543,0.14845125377178192
544,546,0.2044719010591507
545,543,0.27881181240081787
545,546,0.24982793629169464
546,544,0.2044719010591507
546,545,0.24982793629169464
547,548,0.3253840208053589
547,549,0.2238558977842331
548,547,0.3253840208053589
548,550,0.37996262311935425
549,547,0.2238558977842331
549,550,0.32886621356010437
550,548,0.37996262311935425
550,549,0.32886621356010437
551,552,0.1834896206855774
551,553,0.24528761208057404
552,551,0.1834896206855774
552,554,0.22331368923187256
553,551,0.24528761208057404
553,554,0.2957920432090759
554,552,0.22331368923187256
554,553,0.2957920432090759
555,556,0.18917886912822723
555,557,0.2809450030326843
556,555,0.18917886912822723
556,558,0.1596914529800415
557,555,0.2809450030326843
557,558,0.20472455024719238
558,556,0.1596914529800415
558,557,0.20472455024719238
559,560,0.2728041410446167
559,561,0.2728477120399475
560,559,0.2728041410446167
560,562,0.23004090785980225
561,559,0.2728477120399475
561,562,0.2322656363248825
562,560,0.23004090785980225
562,561,0.2322656363248825
563,564,0.19629895687103271
563,565,0.15616551041603088
564,563,0.19629895687103271
564,566,0.2692829370498657
565,563,0.15616551041603088
565,566,0.24457061290740967
566,564,0.2692829370498657
566,565,0.24457061290740967
567,568,0.19623544812202454
567,569,0.17974554002285004
568,567,0.19623544812202454
568,570,0.1869042068719864
569,567,0.17974554002285004
569,570,0.18023106455802917
570,568,0.1869042068719864
570,569,0.18023106455802917
571,572,0.23020073771476746
571,573,0.13363173604011536
572,571,0.23020073771476746
572,574,0.1435515433549881
573,571,0.13363173604011536
573,574,0.20150849223136902
574,572,0.1435515433549881
574,573,0.20150849223136902
575,576,0.41100165247917175
575,577,0.3995841443538666
576,575,0.41100165247917175
576,578,0.22100436687469482
577,575,0.3995841443538666
577,578,0.19361747801303864
578,576,0.22100436687469482
578,577,0.19361747801303864
579,580,0.42294687032699585
579,581,0.1587553173303604
580,579,0.42294687032699585
580,582,0.38827627897262573
581,579,0.1587553173303604
581,582,0.22950318455696106
582,580,0.38827627897262573
582,581,0.22950318455696106
583,586,0.16538673639297485
585,587,0.4626774787902832
586,583,0.16538673639297485
586,587,0.15443341434001923
587,585,0.4626774787902832
587,586,0.15443341434001923
588,589,0.22834265232086182
588,590,0.16772443056106567
589,588,0.22834265232086182
589,591,0.1539101004600525
590,588,0.16772443056106567
590,591,0.17452794313430786
591,589,0.1539101004600525
591,590,0.17452794313430786
592,593,0.16614238917827606
592,594,0.18035496771335602
593,592,0.16614238917827606
593,595,0.2170354127883911
594,592,0.18035496771335602
594,595,0.13417915999889374
595,593,0.2170354127883911
595,594,0.13417915999889374
596,597,0.18916966021060944
596,598,0.2004310041666031
597,596,0.18916966021060944
597,599,0.28117847442626953
598,596,0.2004310041666031
598,599,0.2068134844303131
599,597,0.28117847442626953
599,598,0.2068134844303131
600,601,0.22258856892585754
600,602,0.3130671977996826
601,600,0.22258856892585754
601,603,0.21874573826789856
602,600,0.3130671977996826
602,603,0.27010875940322876
603,601,0.21874573826789856
603,602,0.27010875940322876
604,605,0.22223278880119324
604,606,0.21329742670059204
605,604,0.22223278880119324
605,607,0.2907414138317108
606,604,0.21329742670059204
606,607,0.18597829341888428
607,605,0.2907414138317108
607,606,0.18597829341888428
608,609,0.1885870099067688
608,610,0.2826124131679535
609,608,0.1885870099067688
609,611,0.23985645174980164
610,608,0.2826124131679535
610,611,0.1853134036064148
611,609,0.23985645174980164
611,610,0.1853134036064148
612,613,0.23018281161785126
612,614,0.24929893016815186
613,612,0.23018281161785126
613,615,0.21466803550720215
614,612,0.24929893016815186
614,615,0.2910950183868408
615,613,0.21466803550720215
615,614,0.2910950183868408
616,617,0.25448811054229736
616,618,0.18107111752033234
617,616,0.25448811054229736
617,619,0.24861697852611542
618,616,0.18107111752033234
618,619,0.2911623418331146
619,617,0.24861697852611542
619,618,0.2911623418331146
620,621,0.15960755944252014
620,622,0.23544827103614807
621,620,0.15960755944252014
621,623,0.12793554365634918
622,620,0.23544827103614807
622,623,0.22249367833137512
623,621,0.12793554365634918
623,622,0.22249367833137512
624,625,0.27521681785583496
624,626,0.34932228922843933
625,624,0.27521681785583496
625,627,0.23669196665287018
626,624,0.34932228922843933
626,627,0.25132912397384644
627,625,0.23669196665287018
627,626,0.25132912397384644
628,629,0.2599848806858063
628,630,0.2599077820777893
629,628,0.2599848806858063
629,631,0.3246522843837738
630,628,0.2599077820777893
630,631,0.25619685649871826
631,629,0.3246522843837738
631,630,0.25619685649871826
632,633,0.21179109811782837
632,634,0.16203592717647552
633,632,0.21179109811782837
633,635,0.20593398809432983
634,632,0.16203592717647552
634,635,0.18901270627975464
635,633,0.20593398809432983
635,634,0.18901270627975464
636,637,0.26770126819610596
636,638,0.21357956528663635
637,636,0.26770126819610596
637,639,0.21605151891708374
638,636,0.21357956528663635
638,639,0.22581832110881805
639,637,0.21605151891708374
639,638,0.22581832110881805
640,641,0.1892741620540619
640,642,0.1571311056613922
641,640,0.1892741620540619
641,644,0.243934765458107
642,640,0.1571311056613922
642,644,0.22095154225826263
644,641,0.243934765458107
644,642,0.22095154225826263
645,646,0.22541913390159607
645,647,0.19106826186180115
646,645,0.22541913390159607
646,648,0.21574395895004272
647,645,0.19106826186180115
647,648,0.1926925778388977
648,646,0.21574395895004272
648,647,0.1926925778388977
649,650,0.2513505220413208
649,651,0.20751437544822693
650,649,0.2513505220413208
650,652,0.23937995731830597
651,649,0.20751437544822693
651,652,0.23477941751480103
652,650,0.23937995731830597
652,651,0.23477941751480103
653,654,0.2834799885749817
653,655,0.20129746198654175
654,653,0.2834799885749817
654,656,0.27801597118377686
655,653,0.20129746198654175
655,656,0.16302898526191711
656,654,0.27801597118377686
656,655,0.16302898526191711
657,658,0.2462233006954193
657,659,0.23804011940956116
658,657,0.2462233006954193
658,660,0.2579838037490845
659,657,0.23804011940956116
659,660,0.19318079948425293
660,658,0.2579838037490845
660,659,0.19318079948425293
661,662,0.15071672201156616
661,663,0.30057215690612793
662,661,0.15071672201156616
662,664,0.16360068321228027
663,661,0.30057215690612793
663,664,0.2851318120956421
664,662,0.16360068321228027
664,663,0.2851318120956421
665,666,0.21252655982971191
665,667,0.2615358233451843
666,665,0.21252655982971191
666,668,0.28145068883895874
667,665,0.2615358233451843
667,668,0.20300427079200745
668,666,0.28145068883895874
668,667,0.20300427079200745
669,670,0.23740744590759277
669,671,0.219656839966774
670,669,0.23740744590759277
670,672,0.21974478662014008
671,669,0.219656839966774
671,672,0.23633059859275818
672,670,0.21974478662014008
672,671,0.23633059859275818
673,674,0.15918803215026855
673,675,0.1920541375875473
674,673,0.15918803215026855
674,676,0.22509191930294037
675,673,0.1920541375875473
675,676,0.23229944705963135
676,674,0.22509191930294037
676,675,0.23229944705963135
677,678,0.2173791378736496
677,679,0.21430927515029907
678,677,0.2173791378736496
678,680,0.18749883770942688
679,677,0.21430927515029907
679,680,0.17929846048355103
680,678,0.18749883770942688
680,679,0.17929846048355103
681,682,0.42979156970977783
681,683,0.19549043476581573
682,681,0.42979156970977783
682,684,0.4080226719379425
683,681,0.19549043476581573
683,684,0.2819885015487671
684,682,0.4080226719379425
684,683,0.2819885015487671
685,686,0.17479273676872253
685,687,0.2584003210067749
686,685,0.17479273676872253
686,688,0.23258794844150543
687,685,0.2584003210067749
687,688,0.18988138437271118
688,686,0.23258794844150543
688,687,0.18988138437271118
689,690,0.21366259455680847
689,691,0.2532055974006653
690,689,0.21366259455680847
690,692,0.25846168398857117
691,689,0.2532055974006653
691,692,0.29215556383132935
692,690,0.25846168398857117
692,691,0.29215556383132935
693,694,0.16945937275886536
693,695,0.20206601917743683
694,693,0.16945937275886536
694,696,0.15972603857517242
695,693,0.20206601917743683
695,696,0.20161765813827515
696,694,0.15972603857517242
696,695,0.20161765813827515
697,698,0.3060641586780548
697,699,0.22441670298576355
698,697,0.3060641586780548
698,700,0.13939140737056732
699,697,0.22441670298576355
699,700,0.23241744935512543
700,698,0.13939140737056732
700,699,0.23241744935512543
701,702,0.16763269901275635
701,703,0.2515218257904053
702,701,0.16763269901275635
702,704,0.20130936801433563
703,701,0.2515218257904053
703,704,0.3136068284511566
704,702,0.20130936801433563
704,703,0.3136068284511566
705,706,0.22633162140846252
705,707,0.20391561090946198
706,705,0.22633162140846252
706,708,0.21451619267463684
707,705,0.20391561090946198
707,708,0.29307758808135986
708,706,0.21451619267463684
708,707,0.29307758808135986
709,710,0.18430998921394348
709,711,0.3374166786670685
710,709,0.18430998921394348
710,712,0.2376561462879181
711,709,0.3374166786670685
711,712,0.3172646462917328
712,710,0.2376561462879181
712,711,0.3172646462917328
